,Days,S,I,R
0,0,"[32120. 32120. 32120. 32120. 32120. 32120. 32120. 32120. 32120. 32120.
 32120. 32120. 32120. 32120. 32120. 32120. 32120. 32120. 32120. 32120.
 32120. 32120. 32120. 32120. 32120. 32120. 32120. 32120. 32120. 32120.
 32120. 32120. 32120. 32120. 32120. 32120. 32120. 32120. 32120. 32120.
 32120. 32120. 32120. 32120. 32120. 32120. 32120. 32120. 32120. 32120.
 32120. 32120. 32120. 32120. 32120. 32120. 32120. 32120. 32120. 32120.
 32120. 32120. 32120. 32120. 32120. 32120. 32120. 32117. 32116. 32115.
 32114. 32114. 32114. 32114. 32114. 32111. 32111. 32107. 32107. 32107.
 32107. 32107. 32107. 32107. 32107. 32107. 32106. 32106. 32106. 32106.
 32106. 32105. 32105. 32105. 32104. 32102. 32102. 32102. 32102. 32101.
 32101. 32101. 32100. 32099. 32099. 32099. 32099. 32099. 32099. 32099.
 32099. 32099. 32099. 32099. 32099. 32099. 32099. 32099. 32099. 32099.
 32099. 32099. 32099. 32099. 32099. 32099. 32099. 32099. 32099.]",0,
1,1,"[32120. 32120. 32120. 32120. 32120. 32120. 32120. 32120. 32120. 32120.
 32120. 32120. 32120. 32120. 32120. 32120. 32120. 32120. 32120. 32120.
 32120. 32120. 32120. 32120. 32120. 32120. 32120. 32120. 32120. 32120.
 32120. 32120. 32120. 32120. 32120. 32120. 32120. 32120. 32120. 32120.
 32120. 32120. 32120. 32120. 32120. 32120. 32120. 32120. 32120. 32120.
 32120. 32120. 32120. 32120. 32120. 32120. 32120. 32120. 32120. 32120.
 32120. 32120. 32120. 32120. 32120. 32120. 32120. 32117. 32116. 32115.
 32114. 32114. 32114. 32114. 32114. 32111. 32111. 32107. 32107. 32107.
 32107. 32107. 32107. 32107. 32107. 32107. 32106. 32106. 32106. 32106.
 32106. 32105. 32105. 32105. 32104. 32102. 32102. 32102. 32102. 32101.
 32101. 32101. 32100. 32099. 32099. 32099. 32099. 32099. 32099. 32099.
 32099. 32099. 32099. 32099. 32099. 32099. 32099. 32099. 32099. 32099.
 32099. 32099. 32099. 32099. 32099. 32099. 32099. 32099. 32099.]",0,
2,2,"[32120. 32120. 32120. 32120. 32120. 32120. 32120. 32120. 32120. 32120.
 32120. 32120. 32120. 32120. 32120. 32120. 32120. 32120. 32120. 32120.
 32120. 32120. 32120. 32120. 32120. 32120. 32120. 32120. 32120. 32120.
 32120. 32120. 32120. 32120. 32120. 32120. 32120. 32120. 32120. 32120.
 32120. 32120. 32120. 32120. 32120. 32120. 32120. 32120. 32120. 32120.
 32120. 32120. 32120. 32120. 32120. 32120. 32120. 32120. 32120. 32120.
 32120. 32120. 32120. 32120. 32120. 32120. 32120. 32117. 32116. 32115.
 32114. 32114. 32114. 32114. 32114. 32111. 32111. 32107. 32107. 32107.
 32107. 32107. 32107. 32107. 32107. 32107. 32106. 32106. 32106. 32106.
 32106. 32105. 32105. 32105. 32104. 32102. 32102. 32102. 32102. 32101.
 32101. 32101. 32100. 32099. 32099. 32099. 32099. 32099. 32099. 32099.
 32099. 32099. 32099. 32099. 32099. 32099. 32099. 32099. 32099. 32099.
 32099. 32099. 32099. 32099. 32099. 32099. 32099. 32099. 32099.]",0,
3,3,"[32120. 32120. 32120. 32120. 32120. 32120. 32120. 32120. 32120. 32120.
 32120. 32120. 32120. 32120. 32120. 32120. 32120. 32120. 32120. 32120.
 32120. 32120. 32120. 32120. 32120. 32120. 32120. 32120. 32120. 32120.
 32120. 32120. 32120. 32120. 32120. 32120. 32120. 32120. 32120. 32120.
 32120. 32120. 32120. 32120. 32120. 32120. 32120. 32120. 32120. 32120.
 32120. 32120. 32120. 32120. 32120. 32120. 32120. 32120. 32120. 32120.
 32120. 32120. 32120. 32120. 32120. 32120. 32120. 32117. 32116. 32115.
 32114. 32114. 32114. 32114. 32114. 32111. 32111. 32107. 32107. 32107.
 32107. 32107. 32107. 32107. 32107. 32107. 32106. 32106. 32106. 32106.
 32106. 32105. 32105. 32105. 32104. 32102. 32102. 32102. 32102. 32101.
 32101. 32101. 32100. 32099. 32099. 32099. 32099. 32099. 32099. 32099.
 32099. 32099. 32099. 32099. 32099. 32099. 32099. 32099. 32099. 32099.
 32099. 32099. 32099. 32099. 32099. 32099. 32099. 32099. 32099.]",0,
4,4,"[32120. 32120. 32120. 32120. 32120. 32120. 32120. 32120. 32120. 32120.
 32120. 32120. 32120. 32120. 32120. 32120. 32120. 32120. 32120. 32120.
 32120. 32120. 32120. 32120. 32120. 32120. 32120. 32120. 32120. 32120.
 32120. 32120. 32120. 32120. 32120. 32120. 32120. 32120. 32120. 32120.
 32120. 32120. 32120. 32120. 32120. 32120. 32120. 32120. 32120. 32120.
 32120. 32120. 32120. 32120. 32120. 32120. 32120. 32120. 32120. 32120.
 32120. 32120. 32120. 32120. 32120. 32120. 32120. 32117. 32116. 32115.
 32114. 32114. 32114. 32114. 32114. 32111. 32111. 32107. 32107. 32107.
 32107. 32107. 32107. 32107. 32107. 32107. 32106. 32106. 32106. 32106.
 32106. 32105. 32105. 32105. 32104. 32102. 32102. 32102. 32102. 32101.
 32101. 32101. 32100. 32099. 32099. 32099. 32099. 32099. 32099. 32099.
 32099. 32099. 32099. 32099. 32099. 32099. 32099. 32099. 32099. 32099.
 32099. 32099. 32099. 32099. 32099. 32099. 32099. 32099. 32099.]",0,
5,5,"[32120. 32120. 32120. 32120. 32120. 32120. 32120. 32120. 32120. 32120.
 32120. 32120. 32120. 32120. 32120. 32120. 32120. 32120. 32120. 32120.
 32120. 32120. 32120. 32120. 32120. 32120. 32120. 32120. 32120. 32120.
 32120. 32120. 32120. 32120. 32120. 32120. 32120. 32120. 32120. 32120.
 32120. 32120. 32120. 32120. 32120. 32120. 32120. 32120. 32120. 32120.
 32120. 32120. 32120. 32120. 32120. 32120. 32120. 32120. 32120. 32120.
 32120. 32120. 32120. 32120. 32120. 32120. 32120. 32117. 32116. 32115.
 32114. 32114. 32114. 32114. 32114. 32111. 32111. 32107. 32107. 32107.
 32107. 32107. 32107. 32107. 32107. 32107. 32106. 32106. 32106. 32106.
 32106. 32105. 32105. 32105. 32104. 32102. 32102. 32102. 32102. 32101.
 32101. 32101. 32100. 32099. 32099. 32099. 32099. 32099. 32099. 32099.
 32099. 32099. 32099. 32099. 32099. 32099. 32099. 32099. 32099. 32099.
 32099. 32099. 32099. 32099. 32099. 32099. 32099. 32099. 32099.]",0,
6,6,"[32120. 32120. 32120. 32120. 32120. 32120. 32120. 32120. 32120. 32120.
 32120. 32120. 32120. 32120. 32120. 32120. 32120. 32120. 32120. 32120.
 32120. 32120. 32120. 32120. 32120. 32120. 32120. 32120. 32120. 32120.
 32120. 32120. 32120. 32120. 32120. 32120. 32120. 32120. 32120. 32120.
 32120. 32120. 32120. 32120. 32120. 32120. 32120. 32120. 32120. 32120.
 32120. 32120. 32120. 32120. 32120. 32120. 32120. 32120. 32120. 32120.
 32120. 32120. 32120. 32120. 32120. 32120. 32120. 32117. 32116. 32115.
 32114. 32114. 32114. 32114. 32114. 32111. 32111. 32107. 32107. 32107.
 32107. 32107. 32107. 32107. 32107. 32107. 32106. 32106. 32106. 32106.
 32106. 32105. 32105. 32105. 32104. 32102. 32102. 32102. 32102. 32101.
 32101. 32101. 32100. 32099. 32099. 32099. 32099. 32099. 32099. 32099.
 32099. 32099. 32099. 32099. 32099. 32099. 32099. 32099. 32099. 32099.
 32099. 32099. 32099. 32099. 32099. 32099. 32099. 32099. 32099.]",0,
7,7,"[32120. 32120. 32120. 32120. 32120. 32120. 32120. 32120. 32120. 32120.
 32120. 32120. 32120. 32120. 32120. 32120. 32120. 32120. 32120. 32120.
 32120. 32120. 32120. 32120. 32120. 32120. 32120. 32120. 32120. 32120.
 32120. 32120. 32120. 32120. 32120. 32120. 32120. 32120. 32120. 32120.
 32120. 32120. 32120. 32120. 32120. 32120. 32120. 32120. 32120. 32120.
 32120. 32120. 32120. 32120. 32120. 32120. 32120. 32120. 32120. 32120.
 32120. 32120. 32120. 32120. 32120. 32120. 32120. 32117. 32116. 32115.
 32114. 32114. 32114. 32114. 32114. 32111. 32111. 32107. 32107. 32107.
 32107. 32107. 32107. 32107. 32107. 32107. 32106. 32106. 32106. 32106.
 32106. 32105. 32105. 32105. 32104. 32102. 32102. 32102. 32102. 32101.
 32101. 32101. 32100. 32099. 32099. 32099. 32099. 32099. 32099. 32099.
 32099. 32099. 32099. 32099. 32099. 32099. 32099. 32099. 32099. 32099.
 32099. 32099. 32099. 32099. 32099. 32099. 32099. 32099. 32099.]",0,
8,8,"[32120. 32120. 32120. 32120. 32120. 32120. 32120. 32120. 32120. 32120.
 32120. 32120. 32120. 32120. 32120. 32120. 32120. 32120. 32120. 32120.
 32120. 32120. 32120. 32120. 32120. 32120. 32120. 32120. 32120. 32120.
 32120. 32120. 32120. 32120. 32120. 32120. 32120. 32120. 32120. 32120.
 32120. 32120. 32120. 32120. 32120. 32120. 32120. 32120. 32120. 32120.
 32120. 32120. 32120. 32120. 32120. 32120. 32120. 32120. 32120. 32120.
 32120. 32120. 32120. 32120. 32120. 32120. 32120. 32117. 32116. 32115.
 32114. 32114. 32114. 32114. 32114. 32111. 32111. 32107. 32107. 32107.
 32107. 32107. 32107. 32107. 32107. 32107. 32106. 32106. 32106. 32106.
 32106. 32105. 32105. 32105. 32104. 32102. 32102. 32102. 32102. 32101.
 32101. 32101. 32100. 32099. 32099. 32099. 32099. 32099. 32099. 32099.
 32099. 32099. 32099. 32099. 32099. 32099. 32099. 32099. 32099. 32099.
 32099. 32099. 32099. 32099. 32099. 32099. 32099. 32099. 32099.]",0,
9,9,"[32120. 32120. 32120. 32120. 32120. 32120. 32120. 32120. 32120. 32120.
 32120. 32120. 32120. 32120. 32120. 32120. 32120. 32120. 32120. 32120.
 32120. 32120. 32120. 32120. 32120. 32120. 32120. 32120. 32120. 32120.
 32120. 32120. 32120. 32120. 32120. 32120. 32120. 32120. 32120. 32120.
 32120. 32120. 32120. 32120. 32120. 32120. 32120. 32120. 32120. 32120.
 32120. 32120. 32120. 32120. 32120. 32120. 32120. 32120. 32120. 32120.
 32120. 32120. 32120. 32120. 32120. 32120. 32120. 32117. 32116. 32115.
 32114. 32114. 32114. 32114. 32114. 32111. 32111. 32107. 32107. 32107.
 32107. 32107. 32107. 32107. 32107. 32107. 32106. 32106. 32106. 32106.
 32106. 32105. 32105. 32105. 32104. 32102. 32102. 32102. 32102. 32101.
 32101. 32101. 32100. 32099. 32099. 32099. 32099. 32099. 32099. 32099.
 32099. 32099. 32099. 32099. 32099. 32099. 32099. 32099. 32099. 32099.
 32099. 32099. 32099. 32099. 32099. 32099. 32099. 32099. 32099.]",0,
10,10,"[32120. 32120. 32120. 32120. 32120. 32120. 32120. 32120. 32120. 32120.
 32120. 32120. 32120. 32120. 32120. 32120. 32120. 32120. 32120. 32120.
 32120. 32120. 32120. 32120. 32120. 32120. 32120. 32120. 32120. 32120.
 32120. 32120. 32120. 32120. 32120. 32120. 32120. 32120. 32120. 32120.
 32120. 32120. 32120. 32120. 32120. 32120. 32120. 32120. 32120. 32120.
 32120. 32120. 32120. 32120. 32120. 32120. 32120. 32120. 32120. 32120.
 32120. 32120. 32120. 32120. 32120. 32120. 32120. 32117. 32116. 32115.
 32114. 32114. 32114. 32114. 32114. 32111. 32111. 32107. 32107. 32107.
 32107. 32107. 32107. 32107. 32107. 32107. 32106. 32106. 32106. 32106.
 32106. 32105. 32105. 32105. 32104. 32102. 32102. 32102. 32102. 32101.
 32101. 32101. 32100. 32099. 32099. 32099. 32099. 32099. 32099. 32099.
 32099. 32099. 32099. 32099. 32099. 32099. 32099. 32099. 32099. 32099.
 32099. 32099. 32099. 32099. 32099. 32099. 32099. 32099. 32099.]",0,
11,11,"[32120. 32120. 32120. 32120. 32120. 32120. 32120. 32120. 32120. 32120.
 32120. 32120. 32120. 32120. 32120. 32120. 32120. 32120. 32120. 32120.
 32120. 32120. 32120. 32120. 32120. 32120. 32120. 32120. 32120. 32120.
 32120. 32120. 32120. 32120. 32120. 32120. 32120. 32120. 32120. 32120.
 32120. 32120. 32120. 32120. 32120. 32120. 32120. 32120. 32120. 32120.
 32120. 32120. 32120. 32120. 32120. 32120. 32120. 32120. 32120. 32120.
 32120. 32120. 32120. 32120. 32120. 32120. 32120. 32117. 32116. 32115.
 32114. 32114. 32114. 32114. 32114. 32111. 32111. 32107. 32107. 32107.
 32107. 32107. 32107. 32107. 32107. 32107. 32106. 32106. 32106. 32106.
 32106. 32105. 32105. 32105. 32104. 32102. 32102. 32102. 32102. 32101.
 32101. 32101. 32100. 32099. 32099. 32099. 32099. 32099. 32099. 32099.
 32099. 32099. 32099. 32099. 32099. 32099. 32099. 32099. 32099. 32099.
 32099. 32099. 32099. 32099. 32099. 32099. 32099. 32099. 32099.]",0,
12,12,"[32120. 32120. 32120. 32120. 32120. 32120. 32120. 32120. 32120. 32120.
 32120. 32120. 32120. 32120. 32120. 32120. 32120. 32120. 32120. 32120.
 32120. 32120. 32120. 32120. 32120. 32120. 32120. 32120. 32120. 32120.
 32120. 32120. 32120. 32120. 32120. 32120. 32120. 32120. 32120. 32120.
 32120. 32120. 32120. 32120. 32120. 32120. 32120. 32120. 32120. 32120.
 32120. 32120. 32120. 32120. 32120. 32120. 32120. 32120. 32120. 32120.
 32120. 32120. 32120. 32120. 32120. 32120. 32120. 32117. 32116. 32115.
 32114. 32114. 32114. 32114. 32114. 32111. 32111. 32107. 32107. 32107.
 32107. 32107. 32107. 32107. 32107. 32107. 32106. 32106. 32106. 32106.
 32106. 32105. 32105. 32105. 32104. 32102. 32102. 32102. 32102. 32101.
 32101. 32101. 32100. 32099. 32099. 32099. 32099. 32099. 32099. 32099.
 32099. 32099. 32099. 32099. 32099. 32099. 32099. 32099. 32099. 32099.
 32099. 32099. 32099. 32099. 32099. 32099. 32099. 32099. 32099.]",0,
13,13,"[32120. 32120. 32120. 32120. 32120. 32120. 32120. 32120. 32120. 32120.
 32120. 32120. 32120. 32120. 32120. 32120. 32120. 32120. 32120. 32120.
 32120. 32120. 32120. 32120. 32120. 32120. 32120. 32120. 32120. 32120.
 32120. 32120. 32120. 32120. 32120. 32120. 32120. 32120. 32120. 32120.
 32120. 32120. 32120. 32120. 32120. 32120. 32120. 32120. 32120. 32120.
 32120. 32120. 32120. 32120. 32120. 32120. 32120. 32120. 32120. 32120.
 32120. 32120. 32120. 32120. 32120. 32120. 32120. 32117. 32116. 32115.
 32114. 32114. 32114. 32114. 32114. 32111. 32111. 32107. 32107. 32107.
 32107. 32107. 32107. 32107. 32107. 32107. 32106. 32106. 32106. 32106.
 32106. 32105. 32105. 32105. 32104. 32102. 32102. 32102. 32102. 32101.
 32101. 32101. 32100. 32099. 32099. 32099. 32099. 32099. 32099. 32099.
 32099. 32099. 32099. 32099. 32099. 32099. 32099. 32099. 32099. 32099.
 32099. 32099. 32099. 32099. 32099. 32099. 32099. 32099. 32099.]",0,
14,14,"[32120. 32120. 32120. 32120. 32120. 32120. 32120. 32120. 32120. 32120.
 32120. 32120. 32120. 32120. 32120. 32120. 32120. 32120. 32120. 32120.
 32120. 32120. 32120. 32120. 32120. 32120. 32120. 32120. 32120. 32120.
 32120. 32120. 32120. 32120. 32120. 32120. 32120. 32120. 32120. 32120.
 32120. 32120. 32120. 32120. 32120. 32120. 32120. 32120. 32120. 32120.
 32120. 32120. 32120. 32120. 32120. 32120. 32120. 32120. 32120. 32120.
 32120. 32120. 32120. 32120. 32120. 32120. 32120. 32117. 32116. 32115.
 32114. 32114. 32114. 32114. 32114. 32111. 32111. 32107. 32107. 32107.
 32107. 32107. 32107. 32107. 32107. 32107. 32106. 32106. 32106. 32106.
 32106. 32105. 32105. 32105. 32104. 32102. 32102. 32102. 32102. 32101.
 32101. 32101. 32100. 32099. 32099. 32099. 32099. 32099. 32099. 32099.
 32099. 32099. 32099. 32099. 32099. 32099. 32099. 32099. 32099. 32099.
 32099. 32099. 32099. 32099. 32099. 32099. 32099. 32099. 32099.]",0,
15,15,"[32120. 32120. 32120. 32120. 32120. 32120. 32120. 32120. 32120. 32120.
 32120. 32120. 32120. 32120. 32120. 32120. 32120. 32120. 32120. 32120.
 32120. 32120. 32120. 32120. 32120. 32120. 32120. 32120. 32120. 32120.
 32120. 32120. 32120. 32120. 32120. 32120. 32120. 32120. 32120. 32120.
 32120. 32120. 32120. 32120. 32120. 32120. 32120. 32120. 32120. 32120.
 32120. 32120. 32120. 32120. 32120. 32120. 32120. 32120. 32120. 32120.
 32120. 32120. 32120. 32120. 32120. 32120. 32120. 32117. 32116. 32115.
 32114. 32114. 32114. 32114. 32114. 32111. 32111. 32107. 32107. 32107.
 32107. 32107. 32107. 32107. 32107. 32107. 32106. 32106. 32106. 32106.
 32106. 32105. 32105. 32105. 32104. 32102. 32102. 32102. 32102. 32101.
 32101. 32101. 32100. 32099. 32099. 32099. 32099. 32099. 32099. 32099.
 32099. 32099. 32099. 32099. 32099. 32099. 32099. 32099. 32099. 32099.
 32099. 32099. 32099. 32099. 32099. 32099. 32099. 32099. 32099.]",0,
16,16,"[32120. 32120. 32120. 32120. 32120. 32120. 32120. 32120. 32120. 32120.
 32120. 32120. 32120. 32120. 32120. 32120. 32120. 32120. 32120. 32120.
 32120. 32120. 32120. 32120. 32120. 32120. 32120. 32120. 32120. 32120.
 32120. 32120. 32120. 32120. 32120. 32120. 32120. 32120. 32120. 32120.
 32120. 32120. 32120. 32120. 32120. 32120. 32120. 32120. 32120. 32120.
 32120. 32120. 32120. 32120. 32120. 32120. 32120. 32120. 32120. 32120.
 32120. 32120. 32120. 32120. 32120. 32120. 32120. 32117. 32116. 32115.
 32114. 32114. 32114. 32114. 32114. 32111. 32111. 32107. 32107. 32107.
 32107. 32107. 32107. 32107. 32107. 32107. 32106. 32106. 32106. 32106.
 32106. 32105. 32105. 32105. 32104. 32102. 32102. 32102. 32102. 32101.
 32101. 32101. 32100. 32099. 32099. 32099. 32099. 32099. 32099. 32099.
 32099. 32099. 32099. 32099. 32099. 32099. 32099. 32099. 32099. 32099.
 32099. 32099. 32099. 32099. 32099. 32099. 32099. 32099. 32099.]",0,
17,17,"[32120. 32120. 32120. 32120. 32120. 32120. 32120. 32120. 32120. 32120.
 32120. 32120. 32120. 32120. 32120. 32120. 32120. 32120. 32120. 32120.
 32120. 32120. 32120. 32120. 32120. 32120. 32120. 32120. 32120. 32120.
 32120. 32120. 32120. 32120. 32120. 32120. 32120. 32120. 32120. 32120.
 32120. 32120. 32120. 32120. 32120. 32120. 32120. 32120. 32120. 32120.
 32120. 32120. 32120. 32120. 32120. 32120. 32120. 32120. 32120. 32120.
 32120. 32120. 32120. 32120. 32120. 32120. 32120. 32117. 32116. 32115.
 32114. 32114. 32114. 32114. 32114. 32111. 32111. 32107. 32107. 32107.
 32107. 32107. 32107. 32107. 32107. 32107. 32106. 32106. 32106. 32106.
 32106. 32105. 32105. 32105. 32104. 32102. 32102. 32102. 32102. 32101.
 32101. 32101. 32100. 32099. 32099. 32099. 32099. 32099. 32099. 32099.
 32099. 32099. 32099. 32099. 32099. 32099. 32099. 32099. 32099. 32099.
 32099. 32099. 32099. 32099. 32099. 32099. 32099. 32099. 32099.]",0,
18,18,"[32120. 32120. 32120. 32120. 32120. 32120. 32120. 32120. 32120. 32120.
 32120. 32120. 32120. 32120. 32120. 32120. 32120. 32120. 32120. 32120.
 32120. 32120. 32120. 32120. 32120. 32120. 32120. 32120. 32120. 32120.
 32120. 32120. 32120. 32120. 32120. 32120. 32120. 32120. 32120. 32120.
 32120. 32120. 32120. 32120. 32120. 32120. 32120. 32120. 32120. 32120.
 32120. 32120. 32120. 32120. 32120. 32120. 32120. 32120. 32120. 32120.
 32120. 32120. 32120. 32120. 32120. 32120. 32120. 32117. 32116. 32115.
 32114. 32114. 32114. 32114. 32114. 32111. 32111. 32107. 32107. 32107.
 32107. 32107. 32107. 32107. 32107. 32107. 32106. 32106. 32106. 32106.
 32106. 32105. 32105. 32105. 32104. 32102. 32102. 32102. 32102. 32101.
 32101. 32101. 32100. 32099. 32099. 32099. 32099. 32099. 32099. 32099.
 32099. 32099. 32099. 32099. 32099. 32099. 32099. 32099. 32099. 32099.
 32099. 32099. 32099. 32099. 32099. 32099. 32099. 32099. 32099.]",0,
19,19,"[32120. 32120. 32120. 32120. 32120. 32120. 32120. 32120. 32120. 32120.
 32120. 32120. 32120. 32120. 32120. 32120. 32120. 32120. 32120. 32120.
 32120. 32120. 32120. 32120. 32120. 32120. 32120. 32120. 32120. 32120.
 32120. 32120. 32120. 32120. 32120. 32120. 32120. 32120. 32120. 32120.
 32120. 32120. 32120. 32120. 32120. 32120. 32120. 32120. 32120. 32120.
 32120. 32120. 32120. 32120. 32120. 32120. 32120. 32120. 32120. 32120.
 32120. 32120. 32120. 32120. 32120. 32120. 32120. 32117. 32116. 32115.
 32114. 32114. 32114. 32114. 32114. 32111. 32111. 32107. 32107. 32107.
 32107. 32107. 32107. 32107. 32107. 32107. 32106. 32106. 32106. 32106.
 32106. 32105. 32105. 32105. 32104. 32102. 32102. 32102. 32102. 32101.
 32101. 32101. 32100. 32099. 32099. 32099. 32099. 32099. 32099. 32099.
 32099. 32099. 32099. 32099. 32099. 32099. 32099. 32099. 32099. 32099.
 32099. 32099. 32099. 32099. 32099. 32099. 32099. 32099. 32099.]",0,
20,20,"[32120. 32120. 32120. 32120. 32120. 32120. 32120. 32120. 32120. 32120.
 32120. 32120. 32120. 32120. 32120. 32120. 32120. 32120. 32120. 32120.
 32120. 32120. 32120. 32120. 32120. 32120. 32120. 32120. 32120. 32120.
 32120. 32120. 32120. 32120. 32120. 32120. 32120. 32120. 32120. 32120.
 32120. 32120. 32120. 32120. 32120. 32120. 32120. 32120. 32120. 32120.
 32120. 32120. 32120. 32120. 32120. 32120. 32120. 32120. 32120. 32120.
 32120. 32120. 32120. 32120. 32120. 32120. 32120. 32117. 32116. 32115.
 32114. 32114. 32114. 32114. 32114. 32111. 32111. 32107. 32107. 32107.
 32107. 32107. 32107. 32107. 32107. 32107. 32106. 32106. 32106. 32106.
 32106. 32105. 32105. 32105. 32104. 32102. 32102. 32102. 32102. 32101.
 32101. 32101. 32100. 32099. 32099. 32099. 32099. 32099. 32099. 32099.
 32099. 32099. 32099. 32099. 32099. 32099. 32099. 32099. 32099. 32099.
 32099. 32099. 32099. 32099. 32099. 32099. 32099. 32099. 32099.]",0,
21,21,"[32120. 32120. 32120. 32120. 32120. 32120. 32120. 32120. 32120. 32120.
 32120. 32120. 32120. 32120. 32120. 32120. 32120. 32120. 32120. 32120.
 32120. 32120. 32120. 32120. 32120. 32120. 32120. 32120. 32120. 32120.
 32120. 32120. 32120. 32120. 32120. 32120. 32120. 32120. 32120. 32120.
 32120. 32120. 32120. 32120. 32120. 32120. 32120. 32120. 32120. 32120.
 32120. 32120. 32120. 32120. 32120. 32120. 32120. 32120. 32120. 32120.
 32120. 32120. 32120. 32120. 32120. 32120. 32120. 32117. 32116. 32115.
 32114. 32114. 32114. 32114. 32114. 32111. 32111. 32107. 32107. 32107.
 32107. 32107. 32107. 32107. 32107. 32107. 32106. 32106. 32106. 32106.
 32106. 32105. 32105. 32105. 32104. 32102. 32102. 32102. 32102. 32101.
 32101. 32101. 32100. 32099. 32099. 32099. 32099. 32099. 32099. 32099.
 32099. 32099. 32099. 32099. 32099. 32099. 32099. 32099. 32099. 32099.
 32099. 32099. 32099. 32099. 32099. 32099. 32099. 32099. 32099.]",0,
22,22,"[32120. 32120. 32120. 32120. 32120. 32120. 32120. 32120. 32120. 32120.
 32120. 32120. 32120. 32120. 32120. 32120. 32120. 32120. 32120. 32120.
 32120. 32120. 32120. 32120. 32120. 32120. 32120. 32120. 32120. 32120.
 32120. 32120. 32120. 32120. 32120. 32120. 32120. 32120. 32120. 32120.
 32120. 32120. 32120. 32120. 32120. 32120. 32120. 32120. 32120. 32120.
 32120. 32120. 32120. 32120. 32120. 32120. 32120. 32120. 32120. 32120.
 32120. 32120. 32120. 32120. 32120. 32120. 32120. 32117. 32116. 32115.
 32114. 32114. 32114. 32114. 32114. 32111. 32111. 32107. 32107. 32107.
 32107. 32107. 32107. 32107. 32107. 32107. 32106. 32106. 32106. 32106.
 32106. 32105. 32105. 32105. 32104. 32102. 32102. 32102. 32102. 32101.
 32101. 32101. 32100. 32099. 32099. 32099. 32099. 32099. 32099. 32099.
 32099. 32099. 32099. 32099. 32099. 32099. 32099. 32099. 32099. 32099.
 32099. 32099. 32099. 32099. 32099. 32099. 32099. 32099. 32099.]",0,
23,23,"[32120. 32120. 32120. 32120. 32120. 32120. 32120. 32120. 32120. 32120.
 32120. 32120. 32120. 32120. 32120. 32120. 32120. 32120. 32120. 32120.
 32120. 32120. 32120. 32120. 32120. 32120. 32120. 32120. 32120. 32120.
 32120. 32120. 32120. 32120. 32120. 32120. 32120. 32120. 32120. 32120.
 32120. 32120. 32120. 32120. 32120. 32120. 32120. 32120. 32120. 32120.
 32120. 32120. 32120. 32120. 32120. 32120. 32120. 32120. 32120. 32120.
 32120. 32120. 32120. 32120. 32120. 32120. 32120. 32117. 32116. 32115.
 32114. 32114. 32114. 32114. 32114. 32111. 32111. 32107. 32107. 32107.
 32107. 32107. 32107. 32107. 32107. 32107. 32106. 32106. 32106. 32106.
 32106. 32105. 32105. 32105. 32104. 32102. 32102. 32102. 32102. 32101.
 32101. 32101. 32100. 32099. 32099. 32099. 32099. 32099. 32099. 32099.
 32099. 32099. 32099. 32099. 32099. 32099. 32099. 32099. 32099. 32099.
 32099. 32099. 32099. 32099. 32099. 32099. 32099. 32099. 32099.]",0,
24,24,"[32120. 32120. 32120. 32120. 32120. 32120. 32120. 32120. 32120. 32120.
 32120. 32120. 32120. 32120. 32120. 32120. 32120. 32120. 32120. 32120.
 32120. 32120. 32120. 32120. 32120. 32120. 32120. 32120. 32120. 32120.
 32120. 32120. 32120. 32120. 32120. 32120. 32120. 32120. 32120. 32120.
 32120. 32120. 32120. 32120. 32120. 32120. 32120. 32120. 32120. 32120.
 32120. 32120. 32120. 32120. 32120. 32120. 32120. 32120. 32120. 32120.
 32120. 32120. 32120. 32120. 32120. 32120. 32120. 32117. 32116. 32115.
 32114. 32114. 32114. 32114. 32114. 32111. 32111. 32107. 32107. 32107.
 32107. 32107. 32107. 32107. 32107. 32107. 32106. 32106. 32106. 32106.
 32106. 32105. 32105. 32105. 32104. 32102. 32102. 32102. 32102. 32101.
 32101. 32101. 32100. 32099. 32099. 32099. 32099. 32099. 32099. 32099.
 32099. 32099. 32099. 32099. 32099. 32099. 32099. 32099. 32099. 32099.
 32099. 32099. 32099. 32099. 32099. 32099. 32099. 32099. 32099.]",0,
25,25,"[32120. 32120. 32120. 32120. 32120. 32120. 32120. 32120. 32120. 32120.
 32120. 32120. 32120. 32120. 32120. 32120. 32120. 32120. 32120. 32120.
 32120. 32120. 32120. 32120. 32120. 32120. 32120. 32120. 32120. 32120.
 32120. 32120. 32120. 32120. 32120. 32120. 32120. 32120. 32120. 32120.
 32120. 32120. 32120. 32120. 32120. 32120. 32120. 32120. 32120. 32120.
 32120. 32120. 32120. 32120. 32120. 32120. 32120. 32120. 32120. 32120.
 32120. 32120. 32120. 32120. 32120. 32120. 32120. 32117. 32116. 32115.
 32114. 32114. 32114. 32114. 32114. 32111. 32111. 32107. 32107. 32107.
 32107. 32107. 32107. 32107. 32107. 32107. 32106. 32106. 32106. 32106.
 32106. 32105. 32105. 32105. 32104. 32102. 32102. 32102. 32102. 32101.
 32101. 32101. 32100. 32099. 32099. 32099. 32099. 32099. 32099. 32099.
 32099. 32099. 32099. 32099. 32099. 32099. 32099. 32099. 32099. 32099.
 32099. 32099. 32099. 32099. 32099. 32099. 32099. 32099. 32099.]",0,
26,26,"[32120. 32120. 32120. 32120. 32120. 32120. 32120. 32120. 32120. 32120.
 32120. 32120. 32120. 32120. 32120. 32120. 32120. 32120. 32120. 32120.
 32120. 32120. 32120. 32120. 32120. 32120. 32120. 32120. 32120. 32120.
 32120. 32120. 32120. 32120. 32120. 32120. 32120. 32120. 32120. 32120.
 32120. 32120. 32120. 32120. 32120. 32120. 32120. 32120. 32120. 32120.
 32120. 32120. 32120. 32120. 32120. 32120. 32120. 32120. 32120. 32120.
 32120. 32120. 32120. 32120. 32120. 32120. 32120. 32117. 32116. 32115.
 32114. 32114. 32114. 32114. 32114. 32111. 32111. 32107. 32107. 32107.
 32107. 32107. 32107. 32107. 32107. 32107. 32106. 32106. 32106. 32106.
 32106. 32105. 32105. 32105. 32104. 32102. 32102. 32102. 32102. 32101.
 32101. 32101. 32100. 32099. 32099. 32099. 32099. 32099. 32099. 32099.
 32099. 32099. 32099. 32099. 32099. 32099. 32099. 32099. 32099. 32099.
 32099. 32099. 32099. 32099. 32099. 32099. 32099. 32099. 32099.]",0,
27,27,"[32120. 32120. 32120. 32120. 32120. 32120. 32120. 32120. 32120. 32120.
 32120. 32120. 32120. 32120. 32120. 32120. 32120. 32120. 32120. 32120.
 32120. 32120. 32120. 32120. 32120. 32120. 32120. 32120. 32120. 32120.
 32120. 32120. 32120. 32120. 32120. 32120. 32120. 32120. 32120. 32120.
 32120. 32120. 32120. 32120. 32120. 32120. 32120. 32120. 32120. 32120.
 32120. 32120. 32120. 32120. 32120. 32120. 32120. 32120. 32120. 32120.
 32120. 32120. 32120. 32120. 32120. 32120. 32120. 32117. 32116. 32115.
 32114. 32114. 32114. 32114. 32114. 32111. 32111. 32107. 32107. 32107.
 32107. 32107. 32107. 32107. 32107. 32107. 32106. 32106. 32106. 32106.
 32106. 32105. 32105. 32105. 32104. 32102. 32102. 32102. 32102. 32101.
 32101. 32101. 32100. 32099. 32099. 32099. 32099. 32099. 32099. 32099.
 32099. 32099. 32099. 32099. 32099. 32099. 32099. 32099. 32099. 32099.
 32099. 32099. 32099. 32099. 32099. 32099. 32099. 32099. 32099.]",0,
28,28,"[32120. 32120. 32120. 32120. 32120. 32120. 32120. 32120. 32120. 32120.
 32120. 32120. 32120. 32120. 32120. 32120. 32120. 32120. 32120. 32120.
 32120. 32120. 32120. 32120. 32120. 32120. 32120. 32120. 32120. 32120.
 32120. 32120. 32120. 32120. 32120. 32120. 32120. 32120. 32120. 32120.
 32120. 32120. 32120. 32120. 32120. 32120. 32120. 32120. 32120. 32120.
 32120. 32120. 32120. 32120. 32120. 32120. 32120. 32120. 32120. 32120.
 32120. 32120. 32120. 32120. 32120. 32120. 32120. 32117. 32116. 32115.
 32114. 32114. 32114. 32114. 32114. 32111. 32111. 32107. 32107. 32107.
 32107. 32107. 32107. 32107. 32107. 32107. 32106. 32106. 32106. 32106.
 32106. 32105. 32105. 32105. 32104. 32102. 32102. 32102. 32102. 32101.
 32101. 32101. 32100. 32099. 32099. 32099. 32099. 32099. 32099. 32099.
 32099. 32099. 32099. 32099. 32099. 32099. 32099. 32099. 32099. 32099.
 32099. 32099. 32099. 32099. 32099. 32099. 32099. 32099. 32099.]",0,
29,29,"[32120. 32120. 32120. 32120. 32120. 32120. 32120. 32120. 32120. 32120.
 32120. 32120. 32120. 32120. 32120. 32120. 32120. 32120. 32120. 32120.
 32120. 32120. 32120. 32120. 32120. 32120. 32120. 32120. 32120. 32120.
 32120. 32120. 32120. 32120. 32120. 32120. 32120. 32120. 32120. 32120.
 32120. 32120. 32120. 32120. 32120. 32120. 32120. 32120. 32120. 32120.
 32120. 32120. 32120. 32120. 32120. 32120. 32120. 32120. 32120. 32120.
 32120. 32120. 32120. 32120. 32120. 32120. 32120. 32117. 32116. 32115.
 32114. 32114. 32114. 32114. 32114. 32111. 32111. 32107. 32107. 32107.
 32107. 32107. 32107. 32107. 32107. 32107. 32106. 32106. 32106. 32106.
 32106. 32105. 32105. 32105. 32104. 32102. 32102. 32102. 32102. 32101.
 32101. 32101. 32100. 32099. 32099. 32099. 32099. 32099. 32099. 32099.
 32099. 32099. 32099. 32099. 32099. 32099. 32099. 32099. 32099. 32099.
 32099. 32099. 32099. 32099. 32099. 32099. 32099. 32099. 32099.]",0,
30,30,"[32120. 32120. 32120. 32120. 32120. 32120. 32120. 32120. 32120. 32120.
 32120. 32120. 32120. 32120. 32120. 32120. 32120. 32120. 32120. 32120.
 32120. 32120. 32120. 32120. 32120. 32120. 32120. 32120. 32120. 32120.
 32120. 32120. 32120. 32120. 32120. 32120. 32120. 32120. 32120. 32120.
 32120. 32120. 32120. 32120. 32120. 32120. 32120. 32120. 32120. 32120.
 32120. 32120. 32120. 32120. 32120. 32120. 32120. 32120. 32120. 32120.
 32120. 32120. 32120. 32120. 32120. 32120. 32120. 32117. 32116. 32115.
 32114. 32114. 32114. 32114. 32114. 32111. 32111. 32107. 32107. 32107.
 32107. 32107. 32107. 32107. 32107. 32107. 32106. 32106. 32106. 32106.
 32106. 32105. 32105. 32105. 32104. 32102. 32102. 32102. 32102. 32101.
 32101. 32101. 32100. 32099. 32099. 32099. 32099. 32099. 32099. 32099.
 32099. 32099. 32099. 32099. 32099. 32099. 32099. 32099. 32099. 32099.
 32099. 32099. 32099. 32099. 32099. 32099. 32099. 32099. 32099.]",0,
31,31,"[32120. 32120. 32120. 32120. 32120. 32120. 32120. 32120. 32120. 32120.
 32120. 32120. 32120. 32120. 32120. 32120. 32120. 32120. 32120. 32120.
 32120. 32120. 32120. 32120. 32120. 32120. 32120. 32120. 32120. 32120.
 32120. 32120. 32120. 32120. 32120. 32120. 32120. 32120. 32120. 32120.
 32120. 32120. 32120. 32120. 32120. 32120. 32120. 32120. 32120. 32120.
 32120. 32120. 32120. 32120. 32120. 32120. 32120. 32120. 32120. 32120.
 32120. 32120. 32120. 32120. 32120. 32120. 32120. 32117. 32116. 32115.
 32114. 32114. 32114. 32114. 32114. 32111. 32111. 32107. 32107. 32107.
 32107. 32107. 32107. 32107. 32107. 32107. 32106. 32106. 32106. 32106.
 32106. 32105. 32105. 32105. 32104. 32102. 32102. 32102. 32102. 32101.
 32101. 32101. 32100. 32099. 32099. 32099. 32099. 32099. 32099. 32099.
 32099. 32099. 32099. 32099. 32099. 32099. 32099. 32099. 32099. 32099.
 32099. 32099. 32099. 32099. 32099. 32099. 32099. 32099. 32099.]",0,
32,32,"[32120. 32120. 32120. 32120. 32120. 32120. 32120. 32120. 32120. 32120.
 32120. 32120. 32120. 32120. 32120. 32120. 32120. 32120. 32120. 32120.
 32120. 32120. 32120. 32120. 32120. 32120. 32120. 32120. 32120. 32120.
 32120. 32120. 32120. 32120. 32120. 32120. 32120. 32120. 32120. 32120.
 32120. 32120. 32120. 32120. 32120. 32120. 32120. 32120. 32120. 32120.
 32120. 32120. 32120. 32120. 32120. 32120. 32120. 32120. 32120. 32120.
 32120. 32120. 32120. 32120. 32120. 32120. 32120. 32117. 32116. 32115.
 32114. 32114. 32114. 32114. 32114. 32111. 32111. 32107. 32107. 32107.
 32107. 32107. 32107. 32107. 32107. 32107. 32106. 32106. 32106. 32106.
 32106. 32105. 32105. 32105. 32104. 32102. 32102. 32102. 32102. 32101.
 32101. 32101. 32100. 32099. 32099. 32099. 32099. 32099. 32099. 32099.
 32099. 32099. 32099. 32099. 32099. 32099. 32099. 32099. 32099. 32099.
 32099. 32099. 32099. 32099. 32099. 32099. 32099. 32099. 32099.]",0,
33,33,"[32120. 32120. 32120. 32120. 32120. 32120. 32120. 32120. 32120. 32120.
 32120. 32120. 32120. 32120. 32120. 32120. 32120. 32120. 32120. 32120.
 32120. 32120. 32120. 32120. 32120. 32120. 32120. 32120. 32120. 32120.
 32120. 32120. 32120. 32120. 32120. 32120. 32120. 32120. 32120. 32120.
 32120. 32120. 32120. 32120. 32120. 32120. 32120. 32120. 32120. 32120.
 32120. 32120. 32120. 32120. 32120. 32120. 32120. 32120. 32120. 32120.
 32120. 32120. 32120. 32120. 32120. 32120. 32120. 32117. 32116. 32115.
 32114. 32114. 32114. 32114. 32114. 32111. 32111. 32107. 32107. 32107.
 32107. 32107. 32107. 32107. 32107. 32107. 32106. 32106. 32106. 32106.
 32106. 32105. 32105. 32105. 32104. 32102. 32102. 32102. 32102. 32101.
 32101. 32101. 32100. 32099. 32099. 32099. 32099. 32099. 32099. 32099.
 32099. 32099. 32099. 32099. 32099. 32099. 32099. 32099. 32099. 32099.
 32099. 32099. 32099. 32099. 32099. 32099. 32099. 32099. 32099.]",0,
34,34,"[32120. 32120. 32120. 32120. 32120. 32120. 32120. 32120. 32120. 32120.
 32120. 32120. 32120. 32120. 32120. 32120. 32120. 32120. 32120. 32120.
 32120. 32120. 32120. 32120. 32120. 32120. 32120. 32120. 32120. 32120.
 32120. 32120. 32120. 32120. 32120. 32120. 32120. 32120. 32120. 32120.
 32120. 32120. 32120. 32120. 32120. 32120. 32120. 32120. 32120. 32120.
 32120. 32120. 32120. 32120. 32120. 32120. 32120. 32120. 32120. 32120.
 32120. 32120. 32120. 32120. 32120. 32120. 32120. 32117. 32116. 32115.
 32114. 32114. 32114. 32114. 32114. 32111. 32111. 32107. 32107. 32107.
 32107. 32107. 32107. 32107. 32107. 32107. 32106. 32106. 32106. 32106.
 32106. 32105. 32105. 32105. 32104. 32102. 32102. 32102. 32102. 32101.
 32101. 32101. 32100. 32099. 32099. 32099. 32099. 32099. 32099. 32099.
 32099. 32099. 32099. 32099. 32099. 32099. 32099. 32099. 32099. 32099.
 32099. 32099. 32099. 32099. 32099. 32099. 32099. 32099. 32099.]",0,
35,35,"[32120. 32120. 32120. 32120. 32120. 32120. 32120. 32120. 32120. 32120.
 32120. 32120. 32120. 32120. 32120. 32120. 32120. 32120. 32120. 32120.
 32120. 32120. 32120. 32120. 32120. 32120. 32120. 32120. 32120. 32120.
 32120. 32120. 32120. 32120. 32120. 32120. 32120. 32120. 32120. 32120.
 32120. 32120. 32120. 32120. 32120. 32120. 32120. 32120. 32120. 32120.
 32120. 32120. 32120. 32120. 32120. 32120. 32120. 32120. 32120. 32120.
 32120. 32120. 32120. 32120. 32120. 32120. 32120. 32117. 32116. 32115.
 32114. 32114. 32114. 32114. 32114. 32111. 32111. 32107. 32107. 32107.
 32107. 32107. 32107. 32107. 32107. 32107. 32106. 32106. 32106. 32106.
 32106. 32105. 32105. 32105. 32104. 32102. 32102. 32102. 32102. 32101.
 32101. 32101. 32100. 32099. 32099. 32099. 32099. 32099. 32099. 32099.
 32099. 32099. 32099. 32099. 32099. 32099. 32099. 32099. 32099. 32099.
 32099. 32099. 32099. 32099. 32099. 32099. 32099. 32099. 32099.]",0,
36,36,"[32120. 32120. 32120. 32120. 32120. 32120. 32120. 32120. 32120. 32120.
 32120. 32120. 32120. 32120. 32120. 32120. 32120. 32120. 32120. 32120.
 32120. 32120. 32120. 32120. 32120. 32120. 32120. 32120. 32120. 32120.
 32120. 32120. 32120. 32120. 32120. 32120. 32120. 32120. 32120. 32120.
 32120. 32120. 32120. 32120. 32120. 32120. 32120. 32120. 32120. 32120.
 32120. 32120. 32120. 32120. 32120. 32120. 32120. 32120. 32120. 32120.
 32120. 32120. 32120. 32120. 32120. 32120. 32120. 32117. 32116. 32115.
 32114. 32114. 32114. 32114. 32114. 32111. 32111. 32107. 32107. 32107.
 32107. 32107. 32107. 32107. 32107. 32107. 32106. 32106. 32106. 32106.
 32106. 32105. 32105. 32105. 32104. 32102. 32102. 32102. 32102. 32101.
 32101. 32101. 32100. 32099. 32099. 32099. 32099. 32099. 32099. 32099.
 32099. 32099. 32099. 32099. 32099. 32099. 32099. 32099. 32099. 32099.
 32099. 32099. 32099. 32099. 32099. 32099. 32099. 32099. 32099.]",0,
37,37,"[32120. 32120. 32120. 32120. 32120. 32120. 32120. 32120. 32120. 32120.
 32120. 32120. 32120. 32120. 32120. 32120. 32120. 32120. 32120. 32120.
 32120. 32120. 32120. 32120. 32120. 32120. 32120. 32120. 32120. 32120.
 32120. 32120. 32120. 32120. 32120. 32120. 32120. 32120. 32120. 32120.
 32120. 32120. 32120. 32120. 32120. 32120. 32120. 32120. 32120. 32120.
 32120. 32120. 32120. 32120. 32120. 32120. 32120. 32120. 32120. 32120.
 32120. 32120. 32120. 32120. 32120. 32120. 32120. 32117. 32116. 32115.
 32114. 32114. 32114. 32114. 32114. 32111. 32111. 32107. 32107. 32107.
 32107. 32107. 32107. 32107. 32107. 32107. 32106. 32106. 32106. 32106.
 32106. 32105. 32105. 32105. 32104. 32102. 32102. 32102. 32102. 32101.
 32101. 32101. 32100. 32099. 32099. 32099. 32099. 32099. 32099. 32099.
 32099. 32099. 32099. 32099. 32099. 32099. 32099. 32099. 32099. 32099.
 32099. 32099. 32099. 32099. 32099. 32099. 32099. 32099. 32099.]",0,
38,38,"[32120. 32120. 32120. 32120. 32120. 32120. 32120. 32120. 32120. 32120.
 32120. 32120. 32120. 32120. 32120. 32120. 32120. 32120. 32120. 32120.
 32120. 32120. 32120. 32120. 32120. 32120. 32120. 32120. 32120. 32120.
 32120. 32120. 32120. 32120. 32120. 32120. 32120. 32120. 32120. 32120.
 32120. 32120. 32120. 32120. 32120. 32120. 32120. 32120. 32120. 32120.
 32120. 32120. 32120. 32120. 32120. 32120. 32120. 32120. 32120. 32120.
 32120. 32120. 32120. 32120. 32120. 32120. 32120. 32117. 32116. 32115.
 32114. 32114. 32114. 32114. 32114. 32111. 32111. 32107. 32107. 32107.
 32107. 32107. 32107. 32107. 32107. 32107. 32106. 32106. 32106. 32106.
 32106. 32105. 32105. 32105. 32104. 32102. 32102. 32102. 32102. 32101.
 32101. 32101. 32100. 32099. 32099. 32099. 32099. 32099. 32099. 32099.
 32099. 32099. 32099. 32099. 32099. 32099. 32099. 32099. 32099. 32099.
 32099. 32099. 32099. 32099. 32099. 32099. 32099. 32099. 32099.]",0,
39,39,"[32120. 32120. 32120. 32120. 32120. 32120. 32120. 32120. 32120. 32120.
 32120. 32120. 32120. 32120. 32120. 32120. 32120. 32120. 32120. 32120.
 32120. 32120. 32120. 32120. 32120. 32120. 32120. 32120. 32120. 32120.
 32120. 32120. 32120. 32120. 32120. 32120. 32120. 32120. 32120. 32120.
 32120. 32120. 32120. 32120. 32120. 32120. 32120. 32120. 32120. 32120.
 32120. 32120. 32120. 32120. 32120. 32120. 32120. 32120. 32120. 32120.
 32120. 32120. 32120. 32120. 32120. 32120. 32120. 32117. 32116. 32115.
 32114. 32114. 32114. 32114. 32114. 32111. 32111. 32107. 32107. 32107.
 32107. 32107. 32107. 32107. 32107. 32107. 32106. 32106. 32106. 32106.
 32106. 32105. 32105. 32105. 32104. 32102. 32102. 32102. 32102. 32101.
 32101. 32101. 32100. 32099. 32099. 32099. 32099. 32099. 32099. 32099.
 32099. 32099. 32099. 32099. 32099. 32099. 32099. 32099. 32099. 32099.
 32099. 32099. 32099. 32099. 32099. 32099. 32099. 32099. 32099.]",0,
40,40,"[32120. 32120. 32120. 32120. 32120. 32120. 32120. 32120. 32120. 32120.
 32120. 32120. 32120. 32120. 32120. 32120. 32120. 32120. 32120. 32120.
 32120. 32120. 32120. 32120. 32120. 32120. 32120. 32120. 32120. 32120.
 32120. 32120. 32120. 32120. 32120. 32120. 32120. 32120. 32120. 32120.
 32120. 32120. 32120. 32120. 32120. 32120. 32120. 32120. 32120. 32120.
 32120. 32120. 32120. 32120. 32120. 32120. 32120. 32120. 32120. 32120.
 32120. 32120. 32120. 32120. 32120. 32120. 32120. 32117. 32116. 32115.
 32114. 32114. 32114. 32114. 32114. 32111. 32111. 32107. 32107. 32107.
 32107. 32107. 32107. 32107. 32107. 32107. 32106. 32106. 32106. 32106.
 32106. 32105. 32105. 32105. 32104. 32102. 32102. 32102. 32102. 32101.
 32101. 32101. 32100. 32099. 32099. 32099. 32099. 32099. 32099. 32099.
 32099. 32099. 32099. 32099. 32099. 32099. 32099. 32099. 32099. 32099.
 32099. 32099. 32099. 32099. 32099. 32099. 32099. 32099. 32099.]",0,
41,41,"[32120. 32120. 32120. 32120. 32120. 32120. 32120. 32120. 32120. 32120.
 32120. 32120. 32120. 32120. 32120. 32120. 32120. 32120. 32120. 32120.
 32120. 32120. 32120. 32120. 32120. 32120. 32120. 32120. 32120. 32120.
 32120. 32120. 32120. 32120. 32120. 32120. 32120. 32120. 32120. 32120.
 32120. 32120. 32120. 32120. 32120. 32120. 32120. 32120. 32120. 32120.
 32120. 32120. 32120. 32120. 32120. 32120. 32120. 32120. 32120. 32120.
 32120. 32120. 32120. 32120. 32120. 32120. 32120. 32117. 32116. 32115.
 32114. 32114. 32114. 32114. 32114. 32111. 32111. 32107. 32107. 32107.
 32107. 32107. 32107. 32107. 32107. 32107. 32106. 32106. 32106. 32106.
 32106. 32105. 32105. 32105. 32104. 32102. 32102. 32102. 32102. 32101.
 32101. 32101. 32100. 32099. 32099. 32099. 32099. 32099. 32099. 32099.
 32099. 32099. 32099. 32099. 32099. 32099. 32099. 32099. 32099. 32099.
 32099. 32099. 32099. 32099. 32099. 32099. 32099. 32099. 32099.]",0,
42,42,"[32120. 32120. 32120. 32120. 32120. 32120. 32120. 32120. 32120. 32120.
 32120. 32120. 32120. 32120. 32120. 32120. 32120. 32120. 32120. 32120.
 32120. 32120. 32120. 32120. 32120. 32120. 32120. 32120. 32120. 32120.
 32120. 32120. 32120. 32120. 32120. 32120. 32120. 32120. 32120. 32120.
 32120. 32120. 32120. 32120. 32120. 32120. 32120. 32120. 32120. 32120.
 32120. 32120. 32120. 32120. 32120. 32120. 32120. 32120. 32120. 32120.
 32120. 32120. 32120. 32120. 32120. 32120. 32120. 32117. 32116. 32115.
 32114. 32114. 32114. 32114. 32114. 32111. 32111. 32107. 32107. 32107.
 32107. 32107. 32107. 32107. 32107. 32107. 32106. 32106. 32106. 32106.
 32106. 32105. 32105. 32105. 32104. 32102. 32102. 32102. 32102. 32101.
 32101. 32101. 32100. 32099. 32099. 32099. 32099. 32099. 32099. 32099.
 32099. 32099. 32099. 32099. 32099. 32099. 32099. 32099. 32099. 32099.
 32099. 32099. 32099. 32099. 32099. 32099. 32099. 32099. 32099.]",0,
43,43,"[32120. 32120. 32120. 32120. 32120. 32120. 32120. 32120. 32120. 32120.
 32120. 32120. 32120. 32120. 32120. 32120. 32120. 32120. 32120. 32120.
 32120. 32120. 32120. 32120. 32120. 32120. 32120. 32120. 32120. 32120.
 32120. 32120. 32120. 32120. 32120. 32120. 32120. 32120. 32120. 32120.
 32120. 32120. 32120. 32120. 32120. 32120. 32120. 32120. 32120. 32120.
 32120. 32120. 32120. 32120. 32120. 32120. 32120. 32120. 32120. 32120.
 32120. 32120. 32120. 32120. 32120. 32120. 32120. 32117. 32116. 32115.
 32114. 32114. 32114. 32114. 32114. 32111. 32111. 32107. 32107. 32107.
 32107. 32107. 32107. 32107. 32107. 32107. 32106. 32106. 32106. 32106.
 32106. 32105. 32105. 32105. 32104. 32102. 32102. 32102. 32102. 32101.
 32101. 32101. 32100. 32099. 32099. 32099. 32099. 32099. 32099. 32099.
 32099. 32099. 32099. 32099. 32099. 32099. 32099. 32099. 32099. 32099.
 32099. 32099. 32099. 32099. 32099. 32099. 32099. 32099. 32099.]",0,
44,44,"[32120. 32120. 32120. 32120. 32120. 32120. 32120. 32120. 32120. 32120.
 32120. 32120. 32120. 32120. 32120. 32120. 32120. 32120. 32120. 32120.
 32120. 32120. 32120. 32120. 32120. 32120. 32120. 32120. 32120. 32120.
 32120. 32120. 32120. 32120. 32120. 32120. 32120. 32120. 32120. 32120.
 32120. 32120. 32120. 32120. 32120. 32120. 32120. 32120. 32120. 32120.
 32120. 32120. 32120. 32120. 32120. 32120. 32120. 32120. 32120. 32120.
 32120. 32120. 32120. 32120. 32120. 32120. 32120. 32117. 32116. 32115.
 32114. 32114. 32114. 32114. 32114. 32111. 32111. 32107. 32107. 32107.
 32107. 32107. 32107. 32107. 32107. 32107. 32106. 32106. 32106. 32106.
 32106. 32105. 32105. 32105. 32104. 32102. 32102. 32102. 32102. 32101.
 32101. 32101. 32100. 32099. 32099. 32099. 32099. 32099. 32099. 32099.
 32099. 32099. 32099. 32099. 32099. 32099. 32099. 32099. 32099. 32099.
 32099. 32099. 32099. 32099. 32099. 32099. 32099. 32099. 32099.]",0,
45,45,"[32120. 32120. 32120. 32120. 32120. 32120. 32120. 32120. 32120. 32120.
 32120. 32120. 32120. 32120. 32120. 32120. 32120. 32120. 32120. 32120.
 32120. 32120. 32120. 32120. 32120. 32120. 32120. 32120. 32120. 32120.
 32120. 32120. 32120. 32120. 32120. 32120. 32120. 32120. 32120. 32120.
 32120. 32120. 32120. 32120. 32120. 32120. 32120. 32120. 32120. 32120.
 32120. 32120. 32120. 32120. 32120. 32120. 32120. 32120. 32120. 32120.
 32120. 32120. 32120. 32120. 32120. 32120. 32120. 32117. 32116. 32115.
 32114. 32114. 32114. 32114. 32114. 32111. 32111. 32107. 32107. 32107.
 32107. 32107. 32107. 32107. 32107. 32107. 32106. 32106. 32106. 32106.
 32106. 32105. 32105. 32105. 32104. 32102. 32102. 32102. 32102. 32101.
 32101. 32101. 32100. 32099. 32099. 32099. 32099. 32099. 32099. 32099.
 32099. 32099. 32099. 32099. 32099. 32099. 32099. 32099. 32099. 32099.
 32099. 32099. 32099. 32099. 32099. 32099. 32099. 32099. 32099.]",0,
46,46,"[32120. 32120. 32120. 32120. 32120. 32120. 32120. 32120. 32120. 32120.
 32120. 32120. 32120. 32120. 32120. 32120. 32120. 32120. 32120. 32120.
 32120. 32120. 32120. 32120. 32120. 32120. 32120. 32120. 32120. 32120.
 32120. 32120. 32120. 32120. 32120. 32120. 32120. 32120. 32120. 32120.
 32120. 32120. 32120. 32120. 32120. 32120. 32120. 32120. 32120. 32120.
 32120. 32120. 32120. 32120. 32120. 32120. 32120. 32120. 32120. 32120.
 32120. 32120. 32120. 32120. 32120. 32120. 32120. 32117. 32116. 32115.
 32114. 32114. 32114. 32114. 32114. 32111. 32111. 32107. 32107. 32107.
 32107. 32107. 32107. 32107. 32107. 32107. 32106. 32106. 32106. 32106.
 32106. 32105. 32105. 32105. 32104. 32102. 32102. 32102. 32102. 32101.
 32101. 32101. 32100. 32099. 32099. 32099. 32099. 32099. 32099. 32099.
 32099. 32099. 32099. 32099. 32099. 32099. 32099. 32099. 32099. 32099.
 32099. 32099. 32099. 32099. 32099. 32099. 32099. 32099. 32099.]",0,
47,47,"[32120. 32120. 32120. 32120. 32120. 32120. 32120. 32120. 32120. 32120.
 32120. 32120. 32120. 32120. 32120. 32120. 32120. 32120. 32120. 32120.
 32120. 32120. 32120. 32120. 32120. 32120. 32120. 32120. 32120. 32120.
 32120. 32120. 32120. 32120. 32120. 32120. 32120. 32120. 32120. 32120.
 32120. 32120. 32120. 32120. 32120. 32120. 32120. 32120. 32120. 32120.
 32120. 32120. 32120. 32120. 32120. 32120. 32120. 32120. 32120. 32120.
 32120. 32120. 32120. 32120. 32120. 32120. 32120. 32117. 32116. 32115.
 32114. 32114. 32114. 32114. 32114. 32111. 32111. 32107. 32107. 32107.
 32107. 32107. 32107. 32107. 32107. 32107. 32106. 32106. 32106. 32106.
 32106. 32105. 32105. 32105. 32104. 32102. 32102. 32102. 32102. 32101.
 32101. 32101. 32100. 32099. 32099. 32099. 32099. 32099. 32099. 32099.
 32099. 32099. 32099. 32099. 32099. 32099. 32099. 32099. 32099. 32099.
 32099. 32099. 32099. 32099. 32099. 32099. 32099. 32099. 32099.]",0,
48,48,"[32120. 32120. 32120. 32120. 32120. 32120. 32120. 32120. 32120. 32120.
 32120. 32120. 32120. 32120. 32120. 32120. 32120. 32120. 32120. 32120.
 32120. 32120. 32120. 32120. 32120. 32120. 32120. 32120. 32120. 32120.
 32120. 32120. 32120. 32120. 32120. 32120. 32120. 32120. 32120. 32120.
 32120. 32120. 32120. 32120. 32120. 32120. 32120. 32120. 32120. 32120.
 32120. 32120. 32120. 32120. 32120. 32120. 32120. 32120. 32120. 32120.
 32120. 32120. 32120. 32120. 32120. 32120. 32120. 32117. 32116. 32115.
 32114. 32114. 32114. 32114. 32114. 32111. 32111. 32107. 32107. 32107.
 32107. 32107. 32107. 32107. 32107. 32107. 32106. 32106. 32106. 32106.
 32106. 32105. 32105. 32105. 32104. 32102. 32102. 32102. 32102. 32101.
 32101. 32101. 32100. 32099. 32099. 32099. 32099. 32099. 32099. 32099.
 32099. 32099. 32099. 32099. 32099. 32099. 32099. 32099. 32099. 32099.
 32099. 32099. 32099. 32099. 32099. 32099. 32099. 32099. 32099.]",0,
49,49,"[32120. 32120. 32120. 32120. 32120. 32120. 32120. 32120. 32120. 32120.
 32120. 32120. 32120. 32120. 32120. 32120. 32120. 32120. 32120. 32120.
 32120. 32120. 32120. 32120. 32120. 32120. 32120. 32120. 32120. 32120.
 32120. 32120. 32120. 32120. 32120. 32120. 32120. 32120. 32120. 32120.
 32120. 32120. 32120. 32120. 32120. 32120. 32120. 32120. 32120. 32120.
 32120. 32120. 32120. 32120. 32120. 32120. 32120. 32120. 32120. 32120.
 32120. 32120. 32120. 32120. 32120. 32120. 32120. 32117. 32116. 32115.
 32114. 32114. 32114. 32114. 32114. 32111. 32111. 32107. 32107. 32107.
 32107. 32107. 32107. 32107. 32107. 32107. 32106. 32106. 32106. 32106.
 32106. 32105. 32105. 32105. 32104. 32102. 32102. 32102. 32102. 32101.
 32101. 32101. 32100. 32099. 32099. 32099. 32099. 32099. 32099. 32099.
 32099. 32099. 32099. 32099. 32099. 32099. 32099. 32099. 32099. 32099.
 32099. 32099. 32099. 32099. 32099. 32099. 32099. 32099. 32099.]",0,
50,50,"[32120. 32120. 32120. 32120. 32120. 32120. 32120. 32120. 32120. 32120.
 32120. 32120. 32120. 32120. 32120. 32120. 32120. 32120. 32120. 32120.
 32120. 32120. 32120. 32120. 32120. 32120. 32120. 32120. 32120. 32120.
 32120. 32120. 32120. 32120. 32120. 32120. 32120. 32120. 32120. 32120.
 32120. 32120. 32120. 32120. 32120. 32120. 32120. 32120. 32120. 32120.
 32120. 32120. 32120. 32120. 32120. 32120. 32120. 32120. 32120. 32120.
 32120. 32120. 32120. 32120. 32120. 32120. 32120. 32117. 32116. 32115.
 32114. 32114. 32114. 32114. 32114. 32111. 32111. 32107. 32107. 32107.
 32107. 32107. 32107. 32107. 32107. 32107. 32106. 32106. 32106. 32106.
 32106. 32105. 32105. 32105. 32104. 32102. 32102. 32102. 32102. 32101.
 32101. 32101. 32100. 32099. 32099. 32099. 32099. 32099. 32099. 32099.
 32099. 32099. 32099. 32099. 32099. 32099. 32099. 32099. 32099. 32099.
 32099. 32099. 32099. 32099. 32099. 32099. 32099. 32099. 32099.]",0,
51,51,"[32120. 32120. 32120. 32120. 32120. 32120. 32120. 32120. 32120. 32120.
 32120. 32120. 32120. 32120. 32120. 32120. 32120. 32120. 32120. 32120.
 32120. 32120. 32120. 32120. 32120. 32120. 32120. 32120. 32120. 32120.
 32120. 32120. 32120. 32120. 32120. 32120. 32120. 32120. 32120. 32120.
 32120. 32120. 32120. 32120. 32120. 32120. 32120. 32120. 32120. 32120.
 32120. 32120. 32120. 32120. 32120. 32120. 32120. 32120. 32120. 32120.
 32120. 32120. 32120. 32120. 32120. 32120. 32120. 32117. 32116. 32115.
 32114. 32114. 32114. 32114. 32114. 32111. 32111. 32107. 32107. 32107.
 32107. 32107. 32107. 32107. 32107. 32107. 32106. 32106. 32106. 32106.
 32106. 32105. 32105. 32105. 32104. 32102. 32102. 32102. 32102. 32101.
 32101. 32101. 32100. 32099. 32099. 32099. 32099. 32099. 32099. 32099.
 32099. 32099. 32099. 32099. 32099. 32099. 32099. 32099. 32099. 32099.
 32099. 32099. 32099. 32099. 32099. 32099. 32099. 32099. 32099.]",0,
52,52,"[32120. 32120. 32120. 32120. 32120. 32120. 32120. 32120. 32120. 32120.
 32120. 32120. 32120. 32120. 32120. 32120. 32120. 32120. 32120. 32120.
 32120. 32120. 32120. 32120. 32120. 32120. 32120. 32120. 32120. 32120.
 32120. 32120. 32120. 32120. 32120. 32120. 32120. 32120. 32120. 32120.
 32120. 32120. 32120. 32120. 32120. 32120. 32120. 32120. 32120. 32120.
 32120. 32120. 32120. 32120. 32120. 32120. 32120. 32120. 32120. 32120.
 32120. 32120. 32120. 32120. 32120. 32120. 32120. 32117. 32116. 32115.
 32114. 32114. 32114. 32114. 32114. 32111. 32111. 32107. 32107. 32107.
 32107. 32107. 32107. 32107. 32107. 32107. 32106. 32106. 32106. 32106.
 32106. 32105. 32105. 32105. 32104. 32102. 32102. 32102. 32102. 32101.
 32101. 32101. 32100. 32099. 32099. 32099. 32099. 32099. 32099. 32099.
 32099. 32099. 32099. 32099. 32099. 32099. 32099. 32099. 32099. 32099.
 32099. 32099. 32099. 32099. 32099. 32099. 32099. 32099. 32099.]",0,
53,53,"[32120. 32120. 32120. 32120. 32120. 32120. 32120. 32120. 32120. 32120.
 32120. 32120. 32120. 32120. 32120. 32120. 32120. 32120. 32120. 32120.
 32120. 32120. 32120. 32120. 32120. 32120. 32120. 32120. 32120. 32120.
 32120. 32120. 32120. 32120. 32120. 32120. 32120. 32120. 32120. 32120.
 32120. 32120. 32120. 32120. 32120. 32120. 32120. 32120. 32120. 32120.
 32120. 32120. 32120. 32120. 32120. 32120. 32120. 32120. 32120. 32120.
 32120. 32120. 32120. 32120. 32120. 32120. 32120. 32117. 32116. 32115.
 32114. 32114. 32114. 32114. 32114. 32111. 32111. 32107. 32107. 32107.
 32107. 32107. 32107. 32107. 32107. 32107. 32106. 32106. 32106. 32106.
 32106. 32105. 32105. 32105. 32104. 32102. 32102. 32102. 32102. 32101.
 32101. 32101. 32100. 32099. 32099. 32099. 32099. 32099. 32099. 32099.
 32099. 32099. 32099. 32099. 32099. 32099. 32099. 32099. 32099. 32099.
 32099. 32099. 32099. 32099. 32099. 32099. 32099. 32099. 32099.]",0,
54,54,"[32120. 32120. 32120. 32120. 32120. 32120. 32120. 32120. 32120. 32120.
 32120. 32120. 32120. 32120. 32120. 32120. 32120. 32120. 32120. 32120.
 32120. 32120. 32120. 32120. 32120. 32120. 32120. 32120. 32120. 32120.
 32120. 32120. 32120. 32120. 32120. 32120. 32120. 32120. 32120. 32120.
 32120. 32120. 32120. 32120. 32120. 32120. 32120. 32120. 32120. 32120.
 32120. 32120. 32120. 32120. 32120. 32120. 32120. 32120. 32120. 32120.
 32120. 32120. 32120. 32120. 32120. 32120. 32120. 32117. 32116. 32115.
 32114. 32114. 32114. 32114. 32114. 32111. 32111. 32107. 32107. 32107.
 32107. 32107. 32107. 32107. 32107. 32107. 32106. 32106. 32106. 32106.
 32106. 32105. 32105. 32105. 32104. 32102. 32102. 32102. 32102. 32101.
 32101. 32101. 32100. 32099. 32099. 32099. 32099. 32099. 32099. 32099.
 32099. 32099. 32099. 32099. 32099. 32099. 32099. 32099. 32099. 32099.
 32099. 32099. 32099. 32099. 32099. 32099. 32099. 32099. 32099.]",0,
55,55,"[32120. 32120. 32120. 32120. 32120. 32120. 32120. 32120. 32120. 32120.
 32120. 32120. 32120. 32120. 32120. 32120. 32120. 32120. 32120. 32120.
 32120. 32120. 32120. 32120. 32120. 32120. 32120. 32120. 32120. 32120.
 32120. 32120. 32120. 32120. 32120. 32120. 32120. 32120. 32120. 32120.
 32120. 32120. 32120. 32120. 32120. 32120. 32120. 32120. 32120. 32120.
 32120. 32120. 32120. 32120. 32120. 32120. 32120. 32120. 32120. 32120.
 32120. 32120. 32120. 32120. 32120. 32120. 32120. 32117. 32116. 32115.
 32114. 32114. 32114. 32114. 32114. 32111. 32111. 32107. 32107. 32107.
 32107. 32107. 32107. 32107. 32107. 32107. 32106. 32106. 32106. 32106.
 32106. 32105. 32105. 32105. 32104. 32102. 32102. 32102. 32102. 32101.
 32101. 32101. 32100. 32099. 32099. 32099. 32099. 32099. 32099. 32099.
 32099. 32099. 32099. 32099. 32099. 32099. 32099. 32099. 32099. 32099.
 32099. 32099. 32099. 32099. 32099. 32099. 32099. 32099. 32099.]",0,
56,56,"[32120. 32120. 32120. 32120. 32120. 32120. 32120. 32120. 32120. 32120.
 32120. 32120. 32120. 32120. 32120. 32120. 32120. 32120. 32120. 32120.
 32120. 32120. 32120. 32120. 32120. 32120. 32120. 32120. 32120. 32120.
 32120. 32120. 32120. 32120. 32120. 32120. 32120. 32120. 32120. 32120.
 32120. 32120. 32120. 32120. 32120. 32120. 32120. 32120. 32120. 32120.
 32120. 32120. 32120. 32120. 32120. 32120. 32120. 32120. 32120. 32120.
 32120. 32120. 32120. 32120. 32120. 32120. 32120. 32117. 32116. 32115.
 32114. 32114. 32114. 32114. 32114. 32111. 32111. 32107. 32107. 32107.
 32107. 32107. 32107. 32107. 32107. 32107. 32106. 32106. 32106. 32106.
 32106. 32105. 32105. 32105. 32104. 32102. 32102. 32102. 32102. 32101.
 32101. 32101. 32100. 32099. 32099. 32099. 32099. 32099. 32099. 32099.
 32099. 32099. 32099. 32099. 32099. 32099. 32099. 32099. 32099. 32099.
 32099. 32099. 32099. 32099. 32099. 32099. 32099. 32099. 32099.]",0,
57,57,"[32120. 32120. 32120. 32120. 32120. 32120. 32120. 32120. 32120. 32120.
 32120. 32120. 32120. 32120. 32120. 32120. 32120. 32120. 32120. 32120.
 32120. 32120. 32120. 32120. 32120. 32120. 32120. 32120. 32120. 32120.
 32120. 32120. 32120. 32120. 32120. 32120. 32120. 32120. 32120. 32120.
 32120. 32120. 32120. 32120. 32120. 32120. 32120. 32120. 32120. 32120.
 32120. 32120. 32120. 32120. 32120. 32120. 32120. 32120. 32120. 32120.
 32120. 32120. 32120. 32120. 32120. 32120. 32120. 32117. 32116. 32115.
 32114. 32114. 32114. 32114. 32114. 32111. 32111. 32107. 32107. 32107.
 32107. 32107. 32107. 32107. 32107. 32107. 32106. 32106. 32106. 32106.
 32106. 32105. 32105. 32105. 32104. 32102. 32102. 32102. 32102. 32101.
 32101. 32101. 32100. 32099. 32099. 32099. 32099. 32099. 32099. 32099.
 32099. 32099. 32099. 32099. 32099. 32099. 32099. 32099. 32099. 32099.
 32099. 32099. 32099. 32099. 32099. 32099. 32099. 32099. 32099.]",0,
58,58,"[32120. 32120. 32120. 32120. 32120. 32120. 32120. 32120. 32120. 32120.
 32120. 32120. 32120. 32120. 32120. 32120. 32120. 32120. 32120. 32120.
 32120. 32120. 32120. 32120. 32120. 32120. 32120. 32120. 32120. 32120.
 32120. 32120. 32120. 32120. 32120. 32120. 32120. 32120. 32120. 32120.
 32120. 32120. 32120. 32120. 32120. 32120. 32120. 32120. 32120. 32120.
 32120. 32120. 32120. 32120. 32120. 32120. 32120. 32120. 32120. 32120.
 32120. 32120. 32120. 32120. 32120. 32120. 32120. 32117. 32116. 32115.
 32114. 32114. 32114. 32114. 32114. 32111. 32111. 32107. 32107. 32107.
 32107. 32107. 32107. 32107. 32107. 32107. 32106. 32106. 32106. 32106.
 32106. 32105. 32105. 32105. 32104. 32102. 32102. 32102. 32102. 32101.
 32101. 32101. 32100. 32099. 32099. 32099. 32099. 32099. 32099. 32099.
 32099. 32099. 32099. 32099. 32099. 32099. 32099. 32099. 32099. 32099.
 32099. 32099. 32099. 32099. 32099. 32099. 32099. 32099. 32099.]",0,
59,59,"[32120. 32120. 32120. 32120. 32120. 32120. 32120. 32120. 32120. 32120.
 32120. 32120. 32120. 32120. 32120. 32120. 32120. 32120. 32120. 32120.
 32120. 32120. 32120. 32120. 32120. 32120. 32120. 32120. 32120. 32120.
 32120. 32120. 32120. 32120. 32120. 32120. 32120. 32120. 32120. 32120.
 32120. 32120. 32120. 32120. 32120. 32120. 32120. 32120. 32120. 32120.
 32120. 32120. 32120. 32120. 32120. 32120. 32120. 32120. 32120. 32120.
 32120. 32120. 32120. 32120. 32120. 32120. 32120. 32117. 32116. 32115.
 32114. 32114. 32114. 32114. 32114. 32111. 32111. 32107. 32107. 32107.
 32107. 32107. 32107. 32107. 32107. 32107. 32106. 32106. 32106. 32106.
 32106. 32105. 32105. 32105. 32104. 32102. 32102. 32102. 32102. 32101.
 32101. 32101. 32100. 32099. 32099. 32099. 32099. 32099. 32099. 32099.
 32099. 32099. 32099. 32099. 32099. 32099. 32099. 32099. 32099. 32099.
 32099. 32099. 32099. 32099. 32099. 32099. 32099. 32099. 32099.]",0,
60,60,"[32120. 32120. 32120. 32120. 32120. 32120. 32120. 32120. 32120. 32120.
 32120. 32120. 32120. 32120. 32120. 32120. 32120. 32120. 32120. 32120.
 32120. 32120. 32120. 32120. 32120. 32120. 32120. 32120. 32120. 32120.
 32120. 32120. 32120. 32120. 32120. 32120. 32120. 32120. 32120. 32120.
 32120. 32120. 32120. 32120. 32120. 32120. 32120. 32120. 32120. 32120.
 32120. 32120. 32120. 32120. 32120. 32120. 32120. 32120. 32120. 32120.
 32120. 32120. 32120. 32120. 32120. 32120. 32120. 32117. 32116. 32115.
 32114. 32114. 32114. 32114. 32114. 32111. 32111. 32107. 32107. 32107.
 32107. 32107. 32107. 32107. 32107. 32107. 32106. 32106. 32106. 32106.
 32106. 32105. 32105. 32105. 32104. 32102. 32102. 32102. 32102. 32101.
 32101. 32101. 32100. 32099. 32099. 32099. 32099. 32099. 32099. 32099.
 32099. 32099. 32099. 32099. 32099. 32099. 32099. 32099. 32099. 32099.
 32099. 32099. 32099. 32099. 32099. 32099. 32099. 32099. 32099.]",0,
61,61,"[32120. 32120. 32120. 32120. 32120. 32120. 32120. 32120. 32120. 32120.
 32120. 32120. 32120. 32120. 32120. 32120. 32120. 32120. 32120. 32120.
 32120. 32120. 32120. 32120. 32120. 32120. 32120. 32120. 32120. 32120.
 32120. 32120. 32120. 32120. 32120. 32120. 32120. 32120. 32120. 32120.
 32120. 32120. 32120. 32120. 32120. 32120. 32120. 32120. 32120. 32120.
 32120. 32120. 32120. 32120. 32120. 32120. 32120. 32120. 32120. 32120.
 32120. 32120. 32120. 32120. 32120. 32120. 32120. 32117. 32116. 32115.
 32114. 32114. 32114. 32114. 32114. 32111. 32111. 32107. 32107. 32107.
 32107. 32107. 32107. 32107. 32107. 32107. 32106. 32106. 32106. 32106.
 32106. 32105. 32105. 32105. 32104. 32102. 32102. 32102. 32102. 32101.
 32101. 32101. 32100. 32099. 32099. 32099. 32099. 32099. 32099. 32099.
 32099. 32099. 32099. 32099. 32099. 32099. 32099. 32099. 32099. 32099.
 32099. 32099. 32099. 32099. 32099. 32099. 32099. 32099. 32099.]",0,
62,62,"[32120. 32120. 32120. 32120. 32120. 32120. 32120. 32120. 32120. 32120.
 32120. 32120. 32120. 32120. 32120. 32120. 32120. 32120. 32120. 32120.
 32120. 32120. 32120. 32120. 32120. 32120. 32120. 32120. 32120. 32120.
 32120. 32120. 32120. 32120. 32120. 32120. 32120. 32120. 32120. 32120.
 32120. 32120. 32120. 32120. 32120. 32120. 32120. 32120. 32120. 32120.
 32120. 32120. 32120. 32120. 32120. 32120. 32120. 32120. 32120. 32120.
 32120. 32120. 32120. 32120. 32120. 32120. 32120. 32117. 32116. 32115.
 32114. 32114. 32114. 32114. 32114. 32111. 32111. 32107. 32107. 32107.
 32107. 32107. 32107. 32107. 32107. 32107. 32106. 32106. 32106. 32106.
 32106. 32105. 32105. 32105. 32104. 32102. 32102. 32102. 32102. 32101.
 32101. 32101. 32100. 32099. 32099. 32099. 32099. 32099. 32099. 32099.
 32099. 32099. 32099. 32099. 32099. 32099. 32099. 32099. 32099. 32099.
 32099. 32099. 32099. 32099. 32099. 32099. 32099. 32099. 32099.]",0,
63,63,"[32120. 32120. 32120. 32120. 32120. 32120. 32120. 32120. 32120. 32120.
 32120. 32120. 32120. 32120. 32120. 32120. 32120. 32120. 32120. 32120.
 32120. 32120. 32120. 32120. 32120. 32120. 32120. 32120. 32120. 32120.
 32120. 32120. 32120. 32120. 32120. 32120. 32120. 32120. 32120. 32120.
 32120. 32120. 32120. 32120. 32120. 32120. 32120. 32120. 32120. 32120.
 32120. 32120. 32120. 32120. 32120. 32120. 32120. 32120. 32120. 32120.
 32120. 32120. 32120. 32120. 32120. 32120. 32120. 32117. 32116. 32115.
 32114. 32114. 32114. 32114. 32114. 32111. 32111. 32107. 32107. 32107.
 32107. 32107. 32107. 32107. 32107. 32107. 32106. 32106. 32106. 32106.
 32106. 32105. 32105. 32105. 32104. 32102. 32102. 32102. 32102. 32101.
 32101. 32101. 32100. 32099. 32099. 32099. 32099. 32099. 32099. 32099.
 32099. 32099. 32099. 32099. 32099. 32099. 32099. 32099. 32099. 32099.
 32099. 32099. 32099. 32099. 32099. 32099. 32099. 32099. 32099.]",0,
64,64,"[32120. 32120. 32120. 32120. 32120. 32120. 32120. 32120. 32120. 32120.
 32120. 32120. 32120. 32120. 32120. 32120. 32120. 32120. 32120. 32120.
 32120. 32120. 32120. 32120. 32120. 32120. 32120. 32120. 32120. 32120.
 32120. 32120. 32120. 32120. 32120. 32120. 32120. 32120. 32120. 32120.
 32120. 32120. 32120. 32120. 32120. 32120. 32120. 32120. 32120. 32120.
 32120. 32120. 32120. 32120. 32120. 32120. 32120. 32120. 32120. 32120.
 32120. 32120. 32120. 32120. 32120. 32120. 32120. 32117. 32116. 32115.
 32114. 32114. 32114. 32114. 32114. 32111. 32111. 32107. 32107. 32107.
 32107. 32107. 32107. 32107. 32107. 32107. 32106. 32106. 32106. 32106.
 32106. 32105. 32105. 32105. 32104. 32102. 32102. 32102. 32102. 32101.
 32101. 32101. 32100. 32099. 32099. 32099. 32099. 32099. 32099. 32099.
 32099. 32099. 32099. 32099. 32099. 32099. 32099. 32099. 32099. 32099.
 32099. 32099. 32099. 32099. 32099. 32099. 32099. 32099. 32099.]",0,
65,65,"[32120. 32120. 32120. 32120. 32120. 32120. 32120. 32120. 32120. 32120.
 32120. 32120. 32120. 32120. 32120. 32120. 32120. 32120. 32120. 32120.
 32120. 32120. 32120. 32120. 32120. 32120. 32120. 32120. 32120. 32120.
 32120. 32120. 32120. 32120. 32120. 32120. 32120. 32120. 32120. 32120.
 32120. 32120. 32120. 32120. 32120. 32120. 32120. 32120. 32120. 32120.
 32120. 32120. 32120. 32120. 32120. 32120. 32120. 32120. 32120. 32120.
 32120. 32120. 32120. 32120. 32120. 32120. 32120. 32117. 32116. 32115.
 32114. 32114. 32114. 32114. 32114. 32111. 32111. 32107. 32107. 32107.
 32107. 32107. 32107. 32107. 32107. 32107. 32106. 32106. 32106. 32106.
 32106. 32105. 32105. 32105. 32104. 32102. 32102. 32102. 32102. 32101.
 32101. 32101. 32100. 32099. 32099. 32099. 32099. 32099. 32099. 32099.
 32099. 32099. 32099. 32099. 32099. 32099. 32099. 32099. 32099. 32099.
 32099. 32099. 32099. 32099. 32099. 32099. 32099. 32099. 32099.]",0,
66,66,"[32120. 32120. 32120. 32120. 32120. 32120. 32120. 32120. 32120. 32120.
 32120. 32120. 32120. 32120. 32120. 32120. 32120. 32120. 32120. 32120.
 32120. 32120. 32120. 32120. 32120. 32120. 32120. 32120. 32120. 32120.
 32120. 32120. 32120. 32120. 32120. 32120. 32120. 32120. 32120. 32120.
 32120. 32120. 32120. 32120. 32120. 32120. 32120. 32120. 32120. 32120.
 32120. 32120. 32120. 32120. 32120. 32120. 32120. 32120. 32120. 32120.
 32120. 32120. 32120. 32120. 32120. 32120. 32120. 32117. 32116. 32115.
 32114. 32114. 32114. 32114. 32114. 32111. 32111. 32107. 32107. 32107.
 32107. 32107. 32107. 32107. 32107. 32107. 32106. 32106. 32106. 32106.
 32106. 32105. 32105. 32105. 32104. 32102. 32102. 32102. 32102. 32101.
 32101. 32101. 32100. 32099. 32099. 32099. 32099. 32099. 32099. 32099.
 32099. 32099. 32099. 32099. 32099. 32099. 32099. 32099. 32099. 32099.
 32099. 32099. 32099. 32099. 32099. 32099. 32099. 32099. 32099.]",0,
67,67,"[32120. 32120. 32120. 32120. 32120. 32120. 32120. 32120. 32120. 32120.
 32120. 32120. 32120. 32120. 32120. 32120. 32120. 32120. 32120. 32120.
 32120. 32120. 32120. 32120. 32120. 32120. 32120. 32120. 32120. 32120.
 32120. 32120. 32120. 32120. 32120. 32120. 32120. 32120. 32120. 32120.
 32120. 32120. 32120. 32120. 32120. 32120. 32120. 32120. 32120. 32120.
 32120. 32120. 32120. 32120. 32120. 32120. 32120. 32120. 32120. 32120.
 32120. 32120. 32120. 32120. 32120. 32120. 32120. 32117. 32116. 32115.
 32114. 32114. 32114. 32114. 32114. 32111. 32111. 32107. 32107. 32107.
 32107. 32107. 32107. 32107. 32107. 32107. 32106. 32106. 32106. 32106.
 32106. 32105. 32105. 32105. 32104. 32102. 32102. 32102. 32102. 32101.
 32101. 32101. 32100. 32099. 32099. 32099. 32099. 32099. 32099. 32099.
 32099. 32099. 32099. 32099. 32099. 32099. 32099. 32099. 32099. 32099.
 32099. 32099. 32099. 32099. 32099. 32099. 32099. 32099. 32099.]",3,
68,68,"[32120. 32120. 32120. 32120. 32120. 32120. 32120. 32120. 32120. 32120.
 32120. 32120. 32120. 32120. 32120. 32120. 32120. 32120. 32120. 32120.
 32120. 32120. 32120. 32120. 32120. 32120. 32120. 32120. 32120. 32120.
 32120. 32120. 32120. 32120. 32120. 32120. 32120. 32120. 32120. 32120.
 32120. 32120. 32120. 32120. 32120. 32120. 32120. 32120. 32120. 32120.
 32120. 32120. 32120. 32120. 32120. 32120. 32120. 32120. 32120. 32120.
 32120. 32120. 32120. 32120. 32120. 32120. 32120. 32117. 32116. 32115.
 32114. 32114. 32114. 32114. 32114. 32111. 32111. 32107. 32107. 32107.
 32107. 32107. 32107. 32107. 32107. 32107. 32106. 32106. 32106. 32106.
 32106. 32105. 32105. 32105. 32104. 32102. 32102. 32102. 32102. 32101.
 32101. 32101. 32100. 32099. 32099. 32099. 32099. 32099. 32099. 32099.
 32099. 32099. 32099. 32099. 32099. 32099. 32099. 32099. 32099. 32099.
 32099. 32099. 32099. 32099. 32099. 32099. 32099. 32099. 32099.]",4,
69,69,"[32120. 32120. 32120. 32120. 32120. 32120. 32120. 32120. 32120. 32120.
 32120. 32120. 32120. 32120. 32120. 32120. 32120. 32120. 32120. 32120.
 32120. 32120. 32120. 32120. 32120. 32120. 32120. 32120. 32120. 32120.
 32120. 32120. 32120. 32120. 32120. 32120. 32120. 32120. 32120. 32120.
 32120. 32120. 32120. 32120. 32120. 32120. 32120. 32120. 32120. 32120.
 32120. 32120. 32120. 32120. 32120. 32120. 32120. 32120. 32120. 32120.
 32120. 32120. 32120. 32120. 32120. 32120. 32120. 32117. 32116. 32115.
 32114. 32114. 32114. 32114. 32114. 32111. 32111. 32107. 32107. 32107.
 32107. 32107. 32107. 32107. 32107. 32107. 32106. 32106. 32106. 32106.
 32106. 32105. 32105. 32105. 32104. 32102. 32102. 32102. 32102. 32101.
 32101. 32101. 32100. 32099. 32099. 32099. 32099. 32099. 32099. 32099.
 32099. 32099. 32099. 32099. 32099. 32099. 32099. 32099. 32099. 32099.
 32099. 32099. 32099. 32099. 32099. 32099. 32099. 32099. 32099.]",5,
70,70,"[32120. 32120. 32120. 32120. 32120. 32120. 32120. 32120. 32120. 32120.
 32120. 32120. 32120. 32120. 32120. 32120. 32120. 32120. 32120. 32120.
 32120. 32120. 32120. 32120. 32120. 32120. 32120. 32120. 32120. 32120.
 32120. 32120. 32120. 32120. 32120. 32120. 32120. 32120. 32120. 32120.
 32120. 32120. 32120. 32120. 32120. 32120. 32120. 32120. 32120. 32120.
 32120. 32120. 32120. 32120. 32120. 32120. 32120. 32120. 32120. 32120.
 32120. 32120. 32120. 32120. 32120. 32120. 32120. 32117. 32116. 32115.
 32114. 32114. 32114. 32114. 32114. 32111. 32111. 32107. 32107. 32107.
 32107. 32107. 32107. 32107. 32107. 32107. 32106. 32106. 32106. 32106.
 32106. 32105. 32105. 32105. 32104. 32102. 32102. 32102. 32102. 32101.
 32101. 32101. 32100. 32099. 32099. 32099. 32099. 32099. 32099. 32099.
 32099. 32099. 32099. 32099. 32099. 32099. 32099. 32099. 32099. 32099.
 32099. 32099. 32099. 32099. 32099. 32099. 32099. 32099. 32099.]",6,
71,71,"[32120. 32120. 32120. 32120. 32120. 32120. 32120. 32120. 32120. 32120.
 32120. 32120. 32120. 32120. 32120. 32120. 32120. 32120. 32120. 32120.
 32120. 32120. 32120. 32120. 32120. 32120. 32120. 32120. 32120. 32120.
 32120. 32120. 32120. 32120. 32120. 32120. 32120. 32120. 32120. 32120.
 32120. 32120. 32120. 32120. 32120. 32120. 32120. 32120. 32120. 32120.
 32120. 32120. 32120. 32120. 32120. 32120. 32120. 32120. 32120. 32120.
 32120. 32120. 32120. 32120. 32120. 32120. 32120. 32117. 32116. 32115.
 32114. 32114. 32114. 32114. 32114. 32111. 32111. 32107. 32107. 32107.
 32107. 32107. 32107. 32107. 32107. 32107. 32106. 32106. 32106. 32106.
 32106. 32105. 32105. 32105. 32104. 32102. 32102. 32102. 32102. 32101.
 32101. 32101. 32100. 32099. 32099. 32099. 32099. 32099. 32099. 32099.
 32099. 32099. 32099. 32099. 32099. 32099. 32099. 32099. 32099. 32099.
 32099. 32099. 32099. 32099. 32099. 32099. 32099. 32099. 32099.]",6,
72,72,"[32120. 32120. 32120. 32120. 32120. 32120. 32120. 32120. 32120. 32120.
 32120. 32120. 32120. 32120. 32120. 32120. 32120. 32120. 32120. 32120.
 32120. 32120. 32120. 32120. 32120. 32120. 32120. 32120. 32120. 32120.
 32120. 32120. 32120. 32120. 32120. 32120. 32120. 32120. 32120. 32120.
 32120. 32120. 32120. 32120. 32120. 32120. 32120. 32120. 32120. 32120.
 32120. 32120. 32120. 32120. 32120. 32120. 32120. 32120. 32120. 32120.
 32120. 32120. 32120. 32120. 32120. 32120. 32120. 32117. 32116. 32115.
 32114. 32114. 32114. 32114. 32114. 32111. 32111. 32107. 32107. 32107.
 32107. 32107. 32107. 32107. 32107. 32107. 32106. 32106. 32106. 32106.
 32106. 32105. 32105. 32105. 32104. 32102. 32102. 32102. 32102. 32101.
 32101. 32101. 32100. 32099. 32099. 32099. 32099. 32099. 32099. 32099.
 32099. 32099. 32099. 32099. 32099. 32099. 32099. 32099. 32099. 32099.
 32099. 32099. 32099. 32099. 32099. 32099. 32099. 32099. 32099.]",6,
73,73,"[32120. 32120. 32120. 32120. 32120. 32120. 32120. 32120. 32120. 32120.
 32120. 32120. 32120. 32120. 32120. 32120. 32120. 32120. 32120. 32120.
 32120. 32120. 32120. 32120. 32120. 32120. 32120. 32120. 32120. 32120.
 32120. 32120. 32120. 32120. 32120. 32120. 32120. 32120. 32120. 32120.
 32120. 32120. 32120. 32120. 32120. 32120. 32120. 32120. 32120. 32120.
 32120. 32120. 32120. 32120. 32120. 32120. 32120. 32120. 32120. 32120.
 32120. 32120. 32120. 32120. 32120. 32120. 32120. 32117. 32116. 32115.
 32114. 32114. 32114. 32114. 32114. 32111. 32111. 32107. 32107. 32107.
 32107. 32107. 32107. 32107. 32107. 32107. 32106. 32106. 32106. 32106.
 32106. 32105. 32105. 32105. 32104. 32102. 32102. 32102. 32102. 32101.
 32101. 32101. 32100. 32099. 32099. 32099. 32099. 32099. 32099. 32099.
 32099. 32099. 32099. 32099. 32099. 32099. 32099. 32099. 32099. 32099.
 32099. 32099. 32099. 32099. 32099. 32099. 32099. 32099. 32099.]",6,
74,74,"[32120. 32120. 32120. 32120. 32120. 32120. 32120. 32120. 32120. 32120.
 32120. 32120. 32120. 32120. 32120. 32120. 32120. 32120. 32120. 32120.
 32120. 32120. 32120. 32120. 32120. 32120. 32120. 32120. 32120. 32120.
 32120. 32120. 32120. 32120. 32120. 32120. 32120. 32120. 32120. 32120.
 32120. 32120. 32120. 32120. 32120. 32120. 32120. 32120. 32120. 32120.
 32120. 32120. 32120. 32120. 32120. 32120. 32120. 32120. 32120. 32120.
 32120. 32120. 32120. 32120. 32120. 32120. 32120. 32117. 32116. 32115.
 32114. 32114. 32114. 32114. 32114. 32111. 32111. 32107. 32107. 32107.
 32107. 32107. 32107. 32107. 32107. 32107. 32106. 32106. 32106. 32106.
 32106. 32105. 32105. 32105. 32104. 32102. 32102. 32102. 32102. 32101.
 32101. 32101. 32100. 32099. 32099. 32099. 32099. 32099. 32099. 32099.
 32099. 32099. 32099. 32099. 32099. 32099. 32099. 32099. 32099. 32099.
 32099. 32099. 32099. 32099. 32099. 32099. 32099. 32099. 32099.]",6,
75,75,"[32120. 32120. 32120. 32120. 32120. 32120. 32120. 32120. 32120. 32120.
 32120. 32120. 32120. 32120. 32120. 32120. 32120. 32120. 32120. 32120.
 32120. 32120. 32120. 32120. 32120. 32120. 32120. 32120. 32120. 32120.
 32120. 32120. 32120. 32120. 32120. 32120. 32120. 32120. 32120. 32120.
 32120. 32120. 32120. 32120. 32120. 32120. 32120. 32120. 32120. 32120.
 32120. 32120. 32120. 32120. 32120. 32120. 32120. 32120. 32120. 32120.
 32120. 32120. 32120. 32120. 32120. 32120. 32120. 32117. 32116. 32115.
 32114. 32114. 32114. 32114. 32114. 32111. 32111. 32107. 32107. 32107.
 32107. 32107. 32107. 32107. 32107. 32107. 32106. 32106. 32106. 32106.
 32106. 32105. 32105. 32105. 32104. 32102. 32102. 32102. 32102. 32101.
 32101. 32101. 32100. 32099. 32099. 32099. 32099. 32099. 32099. 32099.
 32099. 32099. 32099. 32099. 32099. 32099. 32099. 32099. 32099. 32099.
 32099. 32099. 32099. 32099. 32099. 32099. 32099. 32099. 32099.]",9,
76,76,"[32120. 32120. 32120. 32120. 32120. 32120. 32120. 32120. 32120. 32120.
 32120. 32120. 32120. 32120. 32120. 32120. 32120. 32120. 32120. 32120.
 32120. 32120. 32120. 32120. 32120. 32120. 32120. 32120. 32120. 32120.
 32120. 32120. 32120. 32120. 32120. 32120. 32120. 32120. 32120. 32120.
 32120. 32120. 32120. 32120. 32120. 32120. 32120. 32120. 32120. 32120.
 32120. 32120. 32120. 32120. 32120. 32120. 32120. 32120. 32120. 32120.
 32120. 32120. 32120. 32120. 32120. 32120. 32120. 32117. 32116. 32115.
 32114. 32114. 32114. 32114. 32114. 32111. 32111. 32107. 32107. 32107.
 32107. 32107. 32107. 32107. 32107. 32107. 32106. 32106. 32106. 32106.
 32106. 32105. 32105. 32105. 32104. 32102. 32102. 32102. 32102. 32101.
 32101. 32101. 32100. 32099. 32099. 32099. 32099. 32099. 32099. 32099.
 32099. 32099. 32099. 32099. 32099. 32099. 32099. 32099. 32099. 32099.
 32099. 32099. 32099. 32099. 32099. 32099. 32099. 32099. 32099.]",9,
77,77,"[32120. 32120. 32120. 32120. 32120. 32120. 32120. 32120. 32120. 32120.
 32120. 32120. 32120. 32120. 32120. 32120. 32120. 32120. 32120. 32120.
 32120. 32120. 32120. 32120. 32120. 32120. 32120. 32120. 32120. 32120.
 32120. 32120. 32120. 32120. 32120. 32120. 32120. 32120. 32120. 32120.
 32120. 32120. 32120. 32120. 32120. 32120. 32120. 32120. 32120. 32120.
 32120. 32120. 32120. 32120. 32120. 32120. 32120. 32120. 32120. 32120.
 32120. 32120. 32120. 32120. 32120. 32120. 32120. 32117. 32116. 32115.
 32114. 32114. 32114. 32114. 32114. 32111. 32111. 32107. 32107. 32107.
 32107. 32107. 32107. 32107. 32107. 32107. 32106. 32106. 32106. 32106.
 32106. 32105. 32105. 32105. 32104. 32102. 32102. 32102. 32102. 32101.
 32101. 32101. 32100. 32099. 32099. 32099. 32099. 32099. 32099. 32099.
 32099. 32099. 32099. 32099. 32099. 32099. 32099. 32099. 32099. 32099.
 32099. 32099. 32099. 32099. 32099. 32099. 32099. 32099. 32099.]",11,
78,78,"[32120. 32120. 32120. 32120. 32120. 32120. 32120. 32120. 32120. 32120.
 32120. 32120. 32120. 32120. 32120. 32120. 32120. 32120. 32120. 32120.
 32120. 32120. 32120. 32120. 32120. 32120. 32120. 32120. 32120. 32120.
 32120. 32120. 32120. 32120. 32120. 32120. 32120. 32120. 32120. 32120.
 32120. 32120. 32120. 32120. 32120. 32120. 32120. 32120. 32120. 32120.
 32120. 32120. 32120. 32120. 32120. 32120. 32120. 32120. 32120. 32120.
 32120. 32120. 32120. 32120. 32120. 32120. 32120. 32117. 32116. 32115.
 32114. 32114. 32114. 32114. 32114. 32111. 32111. 32107. 32107. 32107.
 32107. 32107. 32107. 32107. 32107. 32107. 32106. 32106. 32106. 32106.
 32106. 32105. 32105. 32105. 32104. 32102. 32102. 32102. 32102. 32101.
 32101. 32101. 32100. 32099. 32099. 32099. 32099. 32099. 32099. 32099.
 32099. 32099. 32099. 32099. 32099. 32099. 32099. 32099. 32099. 32099.
 32099. 32099. 32099. 32099. 32099. 32099. 32099. 32099. 32099.]",11,
79,79,"[32120. 32120. 32120. 32120. 32120. 32120. 32120. 32120. 32120. 32120.
 32120. 32120. 32120. 32120. 32120. 32120. 32120. 32120. 32120. 32120.
 32120. 32120. 32120. 32120. 32120. 32120. 32120. 32120. 32120. 32120.
 32120. 32120. 32120. 32120. 32120. 32120. 32120. 32120. 32120. 32120.
 32120. 32120. 32120. 32120. 32120. 32120. 32120. 32120. 32120. 32120.
 32120. 32120. 32120. 32120. 32120. 32120. 32120. 32120. 32120. 32120.
 32120. 32120. 32120. 32120. 32120. 32120. 32120. 32117. 32116. 32115.
 32114. 32114. 32114. 32114. 32114. 32111. 32111. 32107. 32107. 32107.
 32107. 32107. 32107. 32107. 32107. 32107. 32106. 32106. 32106. 32106.
 32106. 32105. 32105. 32105. 32104. 32102. 32102. 32102. 32102. 32101.
 32101. 32101. 32100. 32099. 32099. 32099. 32099. 32099. 32099. 32099.
 32099. 32099. 32099. 32099. 32099. 32099. 32099. 32099. 32099. 32099.
 32099. 32099. 32099. 32099. 32099. 32099. 32099. 32099. 32099.]",11,
80,80,"[32120. 32120. 32120. 32120. 32120. 32120. 32120. 32120. 32120. 32120.
 32120. 32120. 32120. 32120. 32120. 32120. 32120. 32120. 32120. 32120.
 32120. 32120. 32120. 32120. 32120. 32120. 32120. 32120. 32120. 32120.
 32120. 32120. 32120. 32120. 32120. 32120. 32120. 32120. 32120. 32120.
 32120. 32120. 32120. 32120. 32120. 32120. 32120. 32120. 32120. 32120.
 32120. 32120. 32120. 32120. 32120. 32120. 32120. 32120. 32120. 32120.
 32120. 32120. 32120. 32120. 32120. 32120. 32120. 32117. 32116. 32115.
 32114. 32114. 32114. 32114. 32114. 32111. 32111. 32107. 32107. 32107.
 32107. 32107. 32107. 32107. 32107. 32107. 32106. 32106. 32106. 32106.
 32106. 32105. 32105. 32105. 32104. 32102. 32102. 32102. 32102. 32101.
 32101. 32101. 32100. 32099. 32099. 32099. 32099. 32099. 32099. 32099.
 32099. 32099. 32099. 32099. 32099. 32099. 32099. 32099. 32099. 32099.
 32099. 32099. 32099. 32099. 32099. 32099. 32099. 32099. 32099.]",11,
81,81,"[32120. 32120. 32120. 32120. 32120. 32120. 32120. 32120. 32120. 32120.
 32120. 32120. 32120. 32120. 32120. 32120. 32120. 32120. 32120. 32120.
 32120. 32120. 32120. 32120. 32120. 32120. 32120. 32120. 32120. 32120.
 32120. 32120. 32120. 32120. 32120. 32120. 32120. 32120. 32120. 32120.
 32120. 32120. 32120. 32120. 32120. 32120. 32120. 32120. 32120. 32120.
 32120. 32120. 32120. 32120. 32120. 32120. 32120. 32120. 32120. 32120.
 32120. 32120. 32120. 32120. 32120. 32120. 32120. 32117. 32116. 32115.
 32114. 32114. 32114. 32114. 32114. 32111. 32111. 32107. 32107. 32107.
 32107. 32107. 32107. 32107. 32107. 32107. 32106. 32106. 32106. 32106.
 32106. 32105. 32105. 32105. 32104. 32102. 32102. 32102. 32102. 32101.
 32101. 32101. 32100. 32099. 32099. 32099. 32099. 32099. 32099. 32099.
 32099. 32099. 32099. 32099. 32099. 32099. 32099. 32099. 32099. 32099.
 32099. 32099. 32099. 32099. 32099. 32099. 32099. 32099. 32099.]",11,
82,82,"[32120. 32120. 32120. 32120. 32120. 32120. 32120. 32120. 32120. 32120.
 32120. 32120. 32120. 32120. 32120. 32120. 32120. 32120. 32120. 32120.
 32120. 32120. 32120. 32120. 32120. 32120. 32120. 32120. 32120. 32120.
 32120. 32120. 32120. 32120. 32120. 32120. 32120. 32120. 32120. 32120.
 32120. 32120. 32120. 32120. 32120. 32120. 32120. 32120. 32120. 32120.
 32120. 32120. 32120. 32120. 32120. 32120. 32120. 32120. 32120. 32120.
 32120. 32120. 32120. 32120. 32120. 32120. 32120. 32117. 32116. 32115.
 32114. 32114. 32114. 32114. 32114. 32111. 32111. 32107. 32107. 32107.
 32107. 32107. 32107. 32107. 32107. 32107. 32106. 32106. 32106. 32106.
 32106. 32105. 32105. 32105. 32104. 32102. 32102. 32102. 32102. 32101.
 32101. 32101. 32100. 32099. 32099. 32099. 32099. 32099. 32099. 32099.
 32099. 32099. 32099. 32099. 32099. 32099. 32099. 32099. 32099. 32099.
 32099. 32099. 32099. 32099. 32099. 32099. 32099. 32099. 32099.]",11,
83,83,"[32120. 32120. 32120. 32120. 32120. 32120. 32120. 32120. 32120. 32120.
 32120. 32120. 32120. 32120. 32120. 32120. 32120. 32120. 32120. 32120.
 32120. 32120. 32120. 32120. 32120. 32120. 32120. 32120. 32120. 32120.
 32120. 32120. 32120. 32120. 32120. 32120. 32120. 32120. 32120. 32120.
 32120. 32120. 32120. 32120. 32120. 32120. 32120. 32120. 32120. 32120.
 32120. 32120. 32120. 32120. 32120. 32120. 32120. 32120. 32120. 32120.
 32120. 32120. 32120. 32120. 32120. 32120. 32120. 32117. 32116. 32115.
 32114. 32114. 32114. 32114. 32114. 32111. 32111. 32107. 32107. 32107.
 32107. 32107. 32107. 32107. 32107. 32107. 32106. 32106. 32106. 32106.
 32106. 32105. 32105. 32105. 32104. 32102. 32102. 32102. 32102. 32101.
 32101. 32101. 32100. 32099. 32099. 32099. 32099. 32099. 32099. 32099.
 32099. 32099. 32099. 32099. 32099. 32099. 32099. 32099. 32099. 32099.
 32099. 32099. 32099. 32099. 32099. 32099. 32099. 32099. 32099.]",11,
84,84,"[32120. 32120. 32120. 32120. 32120. 32120. 32120. 32120. 32120. 32120.
 32120. 32120. 32120. 32120. 32120. 32120. 32120. 32120. 32120. 32120.
 32120. 32120. 32120. 32120. 32120. 32120. 32120. 32120. 32120. 32120.
 32120. 32120. 32120. 32120. 32120. 32120. 32120. 32120. 32120. 32120.
 32120. 32120. 32120. 32120. 32120. 32120. 32120. 32120. 32120. 32120.
 32120. 32120. 32120. 32120. 32120. 32120. 32120. 32120. 32120. 32120.
 32120. 32120. 32120. 32120. 32120. 32120. 32120. 32117. 32116. 32115.
 32114. 32114. 32114. 32114. 32114. 32111. 32111. 32107. 32107. 32107.
 32107. 32107. 32107. 32107. 32107. 32107. 32106. 32106. 32106. 32106.
 32106. 32105. 32105. 32105. 32104. 32102. 32102. 32102. 32102. 32101.
 32101. 32101. 32100. 32099. 32099. 32099. 32099. 32099. 32099. 32099.
 32099. 32099. 32099. 32099. 32099. 32099. 32099. 32099. 32099. 32099.
 32099. 32099. 32099. 32099. 32099. 32099. 32099. 32099. 32099.]",11,
85,85,"[32120. 32120. 32120. 32120. 32120. 32120. 32120. 32120. 32120. 32120.
 32120. 32120. 32120. 32120. 32120. 32120. 32120. 32120. 32120. 32120.
 32120. 32120. 32120. 32120. 32120. 32120. 32120. 32120. 32120. 32120.
 32120. 32120. 32120. 32120. 32120. 32120. 32120. 32120. 32120. 32120.
 32120. 32120. 32120. 32120. 32120. 32120. 32120. 32120. 32120. 32120.
 32120. 32120. 32120. 32120. 32120. 32120. 32120. 32120. 32120. 32120.
 32120. 32120. 32120. 32120. 32120. 32120. 32120. 32117. 32116. 32115.
 32114. 32114. 32114. 32114. 32114. 32111. 32111. 32107. 32107. 32107.
 32107. 32107. 32107. 32107. 32107. 32107. 32106. 32106. 32106. 32106.
 32106. 32105. 32105. 32105. 32104. 32102. 32102. 32102. 32102. 32101.
 32101. 32101. 32100. 32099. 32099. 32099. 32099. 32099. 32099. 32099.
 32099. 32099. 32099. 32099. 32099. 32099. 32099. 32099. 32099. 32099.
 32099. 32099. 32099. 32099. 32099. 32099. 32099. 32099. 32099.]",11,
86,86,"[32120. 32120. 32120. 32120. 32120. 32120. 32120. 32120. 32120. 32120.
 32120. 32120. 32120. 32120. 32120. 32120. 32120. 32120. 32120. 32120.
 32120. 32120. 32120. 32120. 32120. 32120. 32120. 32120. 32120. 32120.
 32120. 32120. 32120. 32120. 32120. 32120. 32120. 32120. 32120. 32120.
 32120. 32120. 32120. 32120. 32120. 32120. 32120. 32120. 32120. 32120.
 32120. 32120. 32120. 32120. 32120. 32120. 32120. 32120. 32120. 32120.
 32120. 32120. 32120. 32120. 32120. 32120. 32120. 32117. 32116. 32115.
 32114. 32114. 32114. 32114. 32114. 32111. 32111. 32107. 32107. 32107.
 32107. 32107. 32107. 32107. 32107. 32107. 32106. 32106. 32106. 32106.
 32106. 32105. 32105. 32105. 32104. 32102. 32102. 32102. 32102. 32101.
 32101. 32101. 32100. 32099. 32099. 32099. 32099. 32099. 32099. 32099.
 32099. 32099. 32099. 32099. 32099. 32099. 32099. 32099. 32099. 32099.
 32099. 32099. 32099. 32099. 32099. 32099. 32099. 32099. 32099.]",12,
87,87,"[32120. 32120. 32120. 32120. 32120. 32120. 32120. 32120. 32120. 32120.
 32120. 32120. 32120. 32120. 32120. 32120. 32120. 32120. 32120. 32120.
 32120. 32120. 32120. 32120. 32120. 32120. 32120. 32120. 32120. 32120.
 32120. 32120. 32120. 32120. 32120. 32120. 32120. 32120. 32120. 32120.
 32120. 32120. 32120. 32120. 32120. 32120. 32120. 32120. 32120. 32120.
 32120. 32120. 32120. 32120. 32120. 32120. 32120. 32120. 32120. 32120.
 32120. 32120. 32120. 32120. 32120. 32120. 32120. 32117. 32116. 32115.
 32114. 32114. 32114. 32114. 32114. 32111. 32111. 32107. 32107. 32107.
 32107. 32107. 32107. 32107. 32107. 32107. 32106. 32106. 32106. 32106.
 32106. 32105. 32105. 32105. 32104. 32102. 32102. 32102. 32102. 32101.
 32101. 32101. 32100. 32099. 32099. 32099. 32099. 32099. 32099. 32099.
 32099. 32099. 32099. 32099. 32099. 32099. 32099. 32099. 32099. 32099.
 32099. 32099. 32099. 32099. 32099. 32099. 32099. 32099. 32099.]",12,
88,88,"[32120. 32120. 32120. 32120. 32120. 32120. 32120. 32120. 32120. 32120.
 32120. 32120. 32120. 32120. 32120. 32120. 32120. 32120. 32120. 32120.
 32120. 32120. 32120. 32120. 32120. 32120. 32120. 32120. 32120. 32120.
 32120. 32120. 32120. 32120. 32120. 32120. 32120. 32120. 32120. 32120.
 32120. 32120. 32120. 32120. 32120. 32120. 32120. 32120. 32120. 32120.
 32120. 32120. 32120. 32120. 32120. 32120. 32120. 32120. 32120. 32120.
 32120. 32120. 32120. 32120. 32120. 32120. 32120. 32117. 32116. 32115.
 32114. 32114. 32114. 32114. 32114. 32111. 32111. 32107. 32107. 32107.
 32107. 32107. 32107. 32107. 32107. 32107. 32106. 32106. 32106. 32106.
 32106. 32105. 32105. 32105. 32104. 32102. 32102. 32102. 32102. 32101.
 32101. 32101. 32100. 32099. 32099. 32099. 32099. 32099. 32099. 32099.
 32099. 32099. 32099. 32099. 32099. 32099. 32099. 32099. 32099. 32099.
 32099. 32099. 32099. 32099. 32099. 32099. 32099. 32099. 32099.]",12,
89,89,"[32120. 32120. 32120. 32120. 32120. 32120. 32120. 32120. 32120. 32120.
 32120. 32120. 32120. 32120. 32120. 32120. 32120. 32120. 32120. 32120.
 32120. 32120. 32120. 32120. 32120. 32120. 32120. 32120. 32120. 32120.
 32120. 32120. 32120. 32120. 32120. 32120. 32120. 32120. 32120. 32120.
 32120. 32120. 32120. 32120. 32120. 32120. 32120. 32120. 32120. 32120.
 32120. 32120. 32120. 32120. 32120. 32120. 32120. 32120. 32120. 32120.
 32120. 32120. 32120. 32120. 32120. 32120. 32120. 32117. 32116. 32115.
 32114. 32114. 32114. 32114. 32114. 32111. 32111. 32107. 32107. 32107.
 32107. 32107. 32107. 32107. 32107. 32107. 32106. 32106. 32106. 32106.
 32106. 32105. 32105. 32105. 32104. 32102. 32102. 32102. 32102. 32101.
 32101. 32101. 32100. 32099. 32099. 32099. 32099. 32099. 32099. 32099.
 32099. 32099. 32099. 32099. 32099. 32099. 32099. 32099. 32099. 32099.
 32099. 32099. 32099. 32099. 32099. 32099. 32099. 32099. 32099.]",12,
90,90,"[32120. 32120. 32120. 32120. 32120. 32120. 32120. 32120. 32120. 32120.
 32120. 32120. 32120. 32120. 32120. 32120. 32120. 32120. 32120. 32120.
 32120. 32120. 32120. 32120. 32120. 32120. 32120. 32120. 32120. 32120.
 32120. 32120. 32120. 32120. 32120. 32120. 32120. 32120. 32120. 32120.
 32120. 32120. 32120. 32120. 32120. 32120. 32120. 32120. 32120. 32120.
 32120. 32120. 32120. 32120. 32120. 32120. 32120. 32120. 32120. 32120.
 32120. 32120. 32120. 32120. 32120. 32120. 32120. 32117. 32116. 32115.
 32114. 32114. 32114. 32114. 32114. 32111. 32111. 32107. 32107. 32107.
 32107. 32107. 32107. 32107. 32107. 32107. 32106. 32106. 32106. 32106.
 32106. 32105. 32105. 32105. 32104. 32102. 32102. 32102. 32102. 32101.
 32101. 32101. 32100. 32099. 32099. 32099. 32099. 32099. 32099. 32099.
 32099. 32099. 32099. 32099. 32099. 32099. 32099. 32099. 32099. 32099.
 32099. 32099. 32099. 32099. 32099. 32099. 32099. 32099. 32099.]",12,
91,91,"[32120. 32120. 32120. 32120. 32120. 32120. 32120. 32120. 32120. 32120.
 32120. 32120. 32120. 32120. 32120. 32120. 32120. 32120. 32120. 32120.
 32120. 32120. 32120. 32120. 32120. 32120. 32120. 32120. 32120. 32120.
 32120. 32120. 32120. 32120. 32120. 32120. 32120. 32120. 32120. 32120.
 32120. 32120. 32120. 32120. 32120. 32120. 32120. 32120. 32120. 32120.
 32120. 32120. 32120. 32120. 32120. 32120. 32120. 32120. 32120. 32120.
 32120. 32120. 32120. 32120. 32120. 32120. 32120. 32117. 32116. 32115.
 32114. 32114. 32114. 32114. 32114. 32111. 32111. 32107. 32107. 32107.
 32107. 32107. 32107. 32107. 32107. 32107. 32106. 32106. 32106. 32106.
 32106. 32105. 32105. 32105. 32104. 32102. 32102. 32102. 32102. 32101.
 32101. 32101. 32100. 32099. 32099. 32099. 32099. 32099. 32099. 32099.
 32099. 32099. 32099. 32099. 32099. 32099. 32099. 32099. 32099. 32099.
 32099. 32099. 32099. 32099. 32099. 32099. 32099. 32099. 32099.]",13,
92,92,"[32120. 32120. 32120. 32120. 32120. 32120. 32120. 32120. 32120. 32120.
 32120. 32120. 32120. 32120. 32120. 32120. 32120. 32120. 32120. 32120.
 32120. 32120. 32120. 32120. 32120. 32120. 32120. 32120. 32120. 32120.
 32120. 32120. 32120. 32120. 32120. 32120. 32120. 32120. 32120. 32120.
 32120. 32120. 32120. 32120. 32120. 32120. 32120. 32120. 32120. 32120.
 32120. 32120. 32120. 32120. 32120. 32120. 32120. 32120. 32120. 32120.
 32120. 32120. 32120. 32120. 32120. 32120. 32120. 32117. 32116. 32115.
 32114. 32114. 32114. 32114. 32114. 32111. 32111. 32107. 32107. 32107.
 32107. 32107. 32107. 32107. 32107. 32107. 32106. 32106. 32106. 32106.
 32106. 32105. 32105. 32105. 32104. 32102. 32102. 32102. 32102. 32101.
 32101. 32101. 32100. 32099. 32099. 32099. 32099. 32099. 32099. 32099.
 32099. 32099. 32099. 32099. 32099. 32099. 32099. 32099. 32099. 32099.
 32099. 32099. 32099. 32099. 32099. 32099. 32099. 32099. 32099.]",13,
93,93,"[32120. 32120. 32120. 32120. 32120. 32120. 32120. 32120. 32120. 32120.
 32120. 32120. 32120. 32120. 32120. 32120. 32120. 32120. 32120. 32120.
 32120. 32120. 32120. 32120. 32120. 32120. 32120. 32120. 32120. 32120.
 32120. 32120. 32120. 32120. 32120. 32120. 32120. 32120. 32120. 32120.
 32120. 32120. 32120. 32120. 32120. 32120. 32120. 32120. 32120. 32120.
 32120. 32120. 32120. 32120. 32120. 32120. 32120. 32120. 32120. 32120.
 32120. 32120. 32120. 32120. 32120. 32120. 32120. 32117. 32116. 32115.
 32114. 32114. 32114. 32114. 32114. 32111. 32111. 32107. 32107. 32107.
 32107. 32107. 32107. 32107. 32107. 32107. 32106. 32106. 32106. 32106.
 32106. 32105. 32105. 32105. 32104. 32102. 32102. 32102. 32102. 32101.
 32101. 32101. 32100. 32099. 32099. 32099. 32099. 32099. 32099. 32099.
 32099. 32099. 32099. 32099. 32099. 32099. 32099. 32099. 32099. 32099.
 32099. 32099. 32099. 32099. 32099. 32099. 32099. 32099. 32099.]",13,
94,94,"[32120. 32120. 32120. 32120. 32120. 32120. 32120. 32120. 32120. 32120.
 32120. 32120. 32120. 32120. 32120. 32120. 32120. 32120. 32120. 32120.
 32120. 32120. 32120. 32120. 32120. 32120. 32120. 32120. 32120. 32120.
 32120. 32120. 32120. 32120. 32120. 32120. 32120. 32120. 32120. 32120.
 32120. 32120. 32120. 32120. 32120. 32120. 32120. 32120. 32120. 32120.
 32120. 32120. 32120. 32120. 32120. 32120. 32120. 32120. 32120. 32120.
 32120. 32120. 32120. 32120. 32120. 32120. 32120. 32117. 32116. 32115.
 32114. 32114. 32114. 32114. 32114. 32111. 32111. 32107. 32107. 32107.
 32107. 32107. 32107. 32107. 32107. 32107. 32106. 32106. 32106. 32106.
 32106. 32105. 32105. 32105. 32104. 32102. 32102. 32102. 32102. 32101.
 32101. 32101. 32100. 32099. 32099. 32099. 32099. 32099. 32099. 32099.
 32099. 32099. 32099. 32099. 32099. 32099. 32099. 32099. 32099. 32099.
 32099. 32099. 32099. 32099. 32099. 32099. 32099. 32099. 32099.]",14,
95,95,"[32120. 32120. 32120. 32120. 32120. 32120. 32120. 32120. 32120. 32120.
 32120. 32120. 32120. 32120. 32120. 32120. 32120. 32120. 32120. 32120.
 32120. 32120. 32120. 32120. 32120. 32120. 32120. 32120. 32120. 32120.
 32120. 32120. 32120. 32120. 32120. 32120. 32120. 32120. 32120. 32120.
 32120. 32120. 32120. 32120. 32120. 32120. 32120. 32120. 32120. 32120.
 32120. 32120. 32120. 32120. 32120. 32120. 32120. 32120. 32120. 32120.
 32120. 32120. 32120. 32120. 32120. 32120. 32120. 32117. 32116. 32115.
 32114. 32114. 32114. 32114. 32114. 32111. 32111. 32107. 32107. 32107.
 32107. 32107. 32107. 32107. 32107. 32107. 32106. 32106. 32106. 32106.
 32106. 32105. 32105. 32105. 32104. 32102. 32102. 32102. 32102. 32101.
 32101. 32101. 32100. 32099. 32099. 32099. 32099. 32099. 32099. 32099.
 32099. 32099. 32099. 32099. 32099. 32099. 32099. 32099. 32099. 32099.
 32099. 32099. 32099. 32099. 32099. 32099. 32099. 32099. 32099.]",16,
96,96,"[32120. 32120. 32120. 32120. 32120. 32120. 32120. 32120. 32120. 32120.
 32120. 32120. 32120. 32120. 32120. 32120. 32120. 32120. 32120. 32120.
 32120. 32120. 32120. 32120. 32120. 32120. 32120. 32120. 32120. 32120.
 32120. 32120. 32120. 32120. 32120. 32120. 32120. 32120. 32120. 32120.
 32120. 32120. 32120. 32120. 32120. 32120. 32120. 32120. 32120. 32120.
 32120. 32120. 32120. 32120. 32120. 32120. 32120. 32120. 32120. 32120.
 32120. 32120. 32120. 32120. 32120. 32120. 32120. 32117. 32116. 32115.
 32114. 32114. 32114. 32114. 32114. 32111. 32111. 32107. 32107. 32107.
 32107. 32107. 32107. 32107. 32107. 32107. 32106. 32106. 32106. 32106.
 32106. 32105. 32105. 32105. 32104. 32102. 32102. 32102. 32102. 32101.
 32101. 32101. 32100. 32099. 32099. 32099. 32099. 32099. 32099. 32099.
 32099. 32099. 32099. 32099. 32099. 32099. 32099. 32099. 32099. 32099.
 32099. 32099. 32099. 32099. 32099. 32099. 32099. 32099. 32099.]",16,
97,97,"[32120. 32120. 32120. 32120. 32120. 32120. 32120. 32120. 32120. 32120.
 32120. 32120. 32120. 32120. 32120. 32120. 32120. 32120. 32120. 32120.
 32120. 32120. 32120. 32120. 32120. 32120. 32120. 32120. 32120. 32120.
 32120. 32120. 32120. 32120. 32120. 32120. 32120. 32120. 32120. 32120.
 32120. 32120. 32120. 32120. 32120. 32120. 32120. 32120. 32120. 32120.
 32120. 32120. 32120. 32120. 32120. 32120. 32120. 32120. 32120. 32120.
 32120. 32120. 32120. 32120. 32120. 32120. 32120. 32117. 32116. 32115.
 32114. 32114. 32114. 32114. 32114. 32111. 32111. 32107. 32107. 32107.
 32107. 32107. 32107. 32107. 32107. 32107. 32106. 32106. 32106. 32106.
 32106. 32105. 32105. 32105. 32104. 32102. 32102. 32102. 32102. 32101.
 32101. 32101. 32100. 32099. 32099. 32099. 32099. 32099. 32099. 32099.
 32099. 32099. 32099. 32099. 32099. 32099. 32099. 32099. 32099. 32099.
 32099. 32099. 32099. 32099. 32099. 32099. 32099. 32099. 32099.]",16,
98,98,"[32120. 32120. 32120. 32120. 32120. 32120. 32120. 32120. 32120. 32120.
 32120. 32120. 32120. 32120. 32120. 32120. 32120. 32120. 32120. 32120.
 32120. 32120. 32120. 32120. 32120. 32120. 32120. 32120. 32120. 32120.
 32120. 32120. 32120. 32120. 32120. 32120. 32120. 32120. 32120. 32120.
 32120. 32120. 32120. 32120. 32120. 32120. 32120. 32120. 32120. 32120.
 32120. 32120. 32120. 32120. 32120. 32120. 32120. 32120. 32120. 32120.
 32120. 32120. 32120. 32120. 32120. 32120. 32120. 32117. 32116. 32115.
 32114. 32114. 32114. 32114. 32114. 32111. 32111. 32107. 32107. 32107.
 32107. 32107. 32107. 32107. 32107. 32107. 32106. 32106. 32106. 32106.
 32106. 32105. 32105. 32105. 32104. 32102. 32102. 32102. 32102. 32101.
 32101. 32101. 32100. 32099. 32099. 32099. 32099. 32099. 32099. 32099.
 32099. 32099. 32099. 32099. 32099. 32099. 32099. 32099. 32099. 32099.
 32099. 32099. 32099. 32099. 32099. 32099. 32099. 32099. 32099.]",16,
99,99,"[32120. 32120. 32120. 32120. 32120. 32120. 32120. 32120. 32120. 32120.
 32120. 32120. 32120. 32120. 32120. 32120. 32120. 32120. 32120. 32120.
 32120. 32120. 32120. 32120. 32120. 32120. 32120. 32120. 32120. 32120.
 32120. 32120. 32120. 32120. 32120. 32120. 32120. 32120. 32120. 32120.
 32120. 32120. 32120. 32120. 32120. 32120. 32120. 32120. 32120. 32120.
 32120. 32120. 32120. 32120. 32120. 32120. 32120. 32120. 32120. 32120.
 32120. 32120. 32120. 32120. 32120. 32120. 32120. 32117. 32116. 32115.
 32114. 32114. 32114. 32114. 32114. 32111. 32111. 32107. 32107. 32107.
 32107. 32107. 32107. 32107. 32107. 32107. 32106. 32106. 32106. 32106.
 32106. 32105. 32105. 32105. 32104. 32102. 32102. 32102. 32102. 32101.
 32101. 32101. 32100. 32099. 32099. 32099. 32099. 32099. 32099. 32099.
 32099. 32099. 32099. 32099. 32099. 32099. 32099. 32099. 32099. 32099.
 32099. 32099. 32099. 32099. 32099. 32099. 32099. 32099. 32099.]",17,
100,100,"[32120. 32120. 32120. 32120. 32120. 32120. 32120. 32120. 32120. 32120.
 32120. 32120. 32120. 32120. 32120. 32120. 32120. 32120. 32120. 32120.
 32120. 32120. 32120. 32120. 32120. 32120. 32120. 32120. 32120. 32120.
 32120. 32120. 32120. 32120. 32120. 32120. 32120. 32120. 32120. 32120.
 32120. 32120. 32120. 32120. 32120. 32120. 32120. 32120. 32120. 32120.
 32120. 32120. 32120. 32120. 32120. 32120. 32120. 32120. 32120. 32120.
 32120. 32120. 32120. 32120. 32120. 32120. 32120. 32117. 32116. 32115.
 32114. 32114. 32114. 32114. 32114. 32111. 32111. 32107. 32107. 32107.
 32107. 32107. 32107. 32107. 32107. 32107. 32106. 32106. 32106. 32106.
 32106. 32105. 32105. 32105. 32104. 32102. 32102. 32102. 32102. 32101.
 32101. 32101. 32100. 32099. 32099. 32099. 32099. 32099. 32099. 32099.
 32099. 32099. 32099. 32099. 32099. 32099. 32099. 32099. 32099. 32099.
 32099. 32099. 32099. 32099. 32099. 32099. 32099. 32099. 32099.]",17,
101,101,"[32120. 32120. 32120. 32120. 32120. 32120. 32120. 32120. 32120. 32120.
 32120. 32120. 32120. 32120. 32120. 32120. 32120. 32120. 32120. 32120.
 32120. 32120. 32120. 32120. 32120. 32120. 32120. 32120. 32120. 32120.
 32120. 32120. 32120. 32120. 32120. 32120. 32120. 32120. 32120. 32120.
 32120. 32120. 32120. 32120. 32120. 32120. 32120. 32120. 32120. 32120.
 32120. 32120. 32120. 32120. 32120. 32120. 32120. 32120. 32120. 32120.
 32120. 32120. 32120. 32120. 32120. 32120. 32120. 32117. 32116. 32115.
 32114. 32114. 32114. 32114. 32114. 32111. 32111. 32107. 32107. 32107.
 32107. 32107. 32107. 32107. 32107. 32107. 32106. 32106. 32106. 32106.
 32106. 32105. 32105. 32105. 32104. 32102. 32102. 32102. 32102. 32101.
 32101. 32101. 32100. 32099. 32099. 32099. 32099. 32099. 32099. 32099.
 32099. 32099. 32099. 32099. 32099. 32099. 32099. 32099. 32099. 32099.
 32099. 32099. 32099. 32099. 32099. 32099. 32099. 32099. 32099.]",17,
102,102,"[32120. 32120. 32120. 32120. 32120. 32120. 32120. 32120. 32120. 32120.
 32120. 32120. 32120. 32120. 32120. 32120. 32120. 32120. 32120. 32120.
 32120. 32120. 32120. 32120. 32120. 32120. 32120. 32120. 32120. 32120.
 32120. 32120. 32120. 32120. 32120. 32120. 32120. 32120. 32120. 32120.
 32120. 32120. 32120. 32120. 32120. 32120. 32120. 32120. 32120. 32120.
 32120. 32120. 32120. 32120. 32120. 32120. 32120. 32120. 32120. 32120.
 32120. 32120. 32120. 32120. 32120. 32120. 32120. 32117. 32116. 32115.
 32114. 32114. 32114. 32114. 32114. 32111. 32111. 32107. 32107. 32107.
 32107. 32107. 32107. 32107. 32107. 32107. 32106. 32106. 32106. 32106.
 32106. 32105. 32105. 32105. 32104. 32102. 32102. 32102. 32102. 32101.
 32101. 32101. 32100. 32099. 32099. 32099. 32099. 32099. 32099. 32099.
 32099. 32099. 32099. 32099. 32099. 32099. 32099. 32099. 32099. 32099.
 32099. 32099. 32099. 32099. 32099. 32099. 32099. 32099. 32099.]",18,
103,103,"[32120. 32120. 32120. 32120. 32120. 32120. 32120. 32120. 32120. 32120.
 32120. 32120. 32120. 32120. 32120. 32120. 32120. 32120. 32120. 32120.
 32120. 32120. 32120. 32120. 32120. 32120. 32120. 32120. 32120. 32120.
 32120. 32120. 32120. 32120. 32120. 32120. 32120. 32120. 32120. 32120.
 32120. 32120. 32120. 32120. 32120. 32120. 32120. 32120. 32120. 32120.
 32120. 32120. 32120. 32120. 32120. 32120. 32120. 32120. 32120. 32120.
 32120. 32120. 32120. 32120. 32120. 32120. 32120. 32117. 32116. 32115.
 32114. 32114. 32114. 32114. 32114. 32111. 32111. 32107. 32107. 32107.
 32107. 32107. 32107. 32107. 32107. 32107. 32106. 32106. 32106. 32106.
 32106. 32105. 32105. 32105. 32104. 32102. 32102. 32102. 32102. 32101.
 32101. 32101. 32100. 32099. 32099. 32099. 32099. 32099. 32099. 32099.
 32099. 32099. 32099. 32099. 32099. 32099. 32099. 32099. 32099. 32099.
 32099. 32099. 32099. 32099. 32099. 32099. 32099. 32099. 32099.]",19,
104,104,"[32120. 32120. 32120. 32120. 32120. 32120. 32120. 32120. 32120. 32120.
 32120. 32120. 32120. 32120. 32120. 32120. 32120. 32120. 32120. 32120.
 32120. 32120. 32120. 32120. 32120. 32120. 32120. 32120. 32120. 32120.
 32120. 32120. 32120. 32120. 32120. 32120. 32120. 32120. 32120. 32120.
 32120. 32120. 32120. 32120. 32120. 32120. 32120. 32120. 32120. 32120.
 32120. 32120. 32120. 32120. 32120. 32120. 32120. 32120. 32120. 32120.
 32120. 32120. 32120. 32120. 32120. 32120. 32120. 32117. 32116. 32115.
 32114. 32114. 32114. 32114. 32114. 32111. 32111. 32107. 32107. 32107.
 32107. 32107. 32107. 32107. 32107. 32107. 32106. 32106. 32106. 32106.
 32106. 32105. 32105. 32105. 32104. 32102. 32102. 32102. 32102. 32101.
 32101. 32101. 32100. 32099. 32099. 32099. 32099. 32099. 32099. 32099.
 32099. 32099. 32099. 32099. 32099. 32099. 32099. 32099. 32099. 32099.
 32099. 32099. 32099. 32099. 32099. 32099. 32099. 32099. 32099.]",19,
105,105,"[32120. 32120. 32120. 32120. 32120. 32120. 32120. 32120. 32120. 32120.
 32120. 32120. 32120. 32120. 32120. 32120. 32120. 32120. 32120. 32120.
 32120. 32120. 32120. 32120. 32120. 32120. 32120. 32120. 32120. 32120.
 32120. 32120. 32120. 32120. 32120. 32120. 32120. 32120. 32120. 32120.
 32120. 32120. 32120. 32120. 32120. 32120. 32120. 32120. 32120. 32120.
 32120. 32120. 32120. 32120. 32120. 32120. 32120. 32120. 32120. 32120.
 32120. 32120. 32120. 32120. 32120. 32120. 32120. 32117. 32116. 32115.
 32114. 32114. 32114. 32114. 32114. 32111. 32111. 32107. 32107. 32107.
 32107. 32107. 32107. 32107. 32107. 32107. 32106. 32106. 32106. 32106.
 32106. 32105. 32105. 32105. 32104. 32102. 32102. 32102. 32102. 32101.
 32101. 32101. 32100. 32099. 32099. 32099. 32099. 32099. 32099. 32099.
 32099. 32099. 32099. 32099. 32099. 32099. 32099. 32099. 32099. 32099.
 32099. 32099. 32099. 32099. 32099. 32099. 32099. 32099. 32099.]",19,
106,106,"[32120. 32120. 32120. 32120. 32120. 32120. 32120. 32120. 32120. 32120.
 32120. 32120. 32120. 32120. 32120. 32120. 32120. 32120. 32120. 32120.
 32120. 32120. 32120. 32120. 32120. 32120. 32120. 32120. 32120. 32120.
 32120. 32120. 32120. 32120. 32120. 32120. 32120. 32120. 32120. 32120.
 32120. 32120. 32120. 32120. 32120. 32120. 32120. 32120. 32120. 32120.
 32120. 32120. 32120. 32120. 32120. 32120. 32120. 32120. 32120. 32120.
 32120. 32120. 32120. 32120. 32120. 32120. 32120. 32117. 32116. 32115.
 32114. 32114. 32114. 32114. 32114. 32111. 32111. 32107. 32107. 32107.
 32107. 32107. 32107. 32107. 32107. 32107. 32106. 32106. 32106. 32106.
 32106. 32105. 32105. 32105. 32104. 32102. 32102. 32102. 32102. 32101.
 32101. 32101. 32100. 32099. 32099. 32099. 32099. 32099. 32099. 32099.
 32099. 32099. 32099. 32099. 32099. 32099. 32099. 32099. 32099. 32099.
 32099. 32099. 32099. 32099. 32099. 32099. 32099. 32099. 32099.]",19,
107,107,"[32120. 32120. 32120. 32120. 32120. 32120. 32120. 32120. 32120. 32120.
 32120. 32120. 32120. 32120. 32120. 32120. 32120. 32120. 32120. 32120.
 32120. 32120. 32120. 32120. 32120. 32120. 32120. 32120. 32120. 32120.
 32120. 32120. 32120. 32120. 32120. 32120. 32120. 32120. 32120. 32120.
 32120. 32120. 32120. 32120. 32120. 32120. 32120. 32120. 32120. 32120.
 32120. 32120. 32120. 32120. 32120. 32120. 32120. 32120. 32120. 32120.
 32120. 32120. 32120. 32120. 32120. 32120. 32120. 32117. 32116. 32115.
 32114. 32114. 32114. 32114. 32114. 32111. 32111. 32107. 32107. 32107.
 32107. 32107. 32107. 32107. 32107. 32107. 32106. 32106. 32106. 32106.
 32106. 32105. 32105. 32105. 32104. 32102. 32102. 32102. 32102. 32101.
 32101. 32101. 32100. 32099. 32099. 32099. 32099. 32099. 32099. 32099.
 32099. 32099. 32099. 32099. 32099. 32099. 32099. 32099. 32099. 32099.
 32099. 32099. 32099. 32099. 32099. 32099. 32099. 32099. 32099.]",19,
108,108,"[32120. 32120. 32120. 32120. 32120. 32120. 32120. 32120. 32120. 32120.
 32120. 32120. 32120. 32120. 32120. 32120. 32120. 32120. 32120. 32120.
 32120. 32120. 32120. 32120. 32120. 32120. 32120. 32120. 32120. 32120.
 32120. 32120. 32120. 32120. 32120. 32120. 32120. 32120. 32120. 32120.
 32120. 32120. 32120. 32120. 32120. 32120. 32120. 32120. 32120. 32120.
 32120. 32120. 32120. 32120. 32120. 32120. 32120. 32120. 32120. 32120.
 32120. 32120. 32120. 32120. 32120. 32120. 32120. 32117. 32116. 32115.
 32114. 32114. 32114. 32114. 32114. 32111. 32111. 32107. 32107. 32107.
 32107. 32107. 32107. 32107. 32107. 32107. 32106. 32106. 32106. 32106.
 32106. 32105. 32105. 32105. 32104. 32102. 32102. 32102. 32102. 32101.
 32101. 32101. 32100. 32099. 32099. 32099. 32099. 32099. 32099. 32099.
 32099. 32099. 32099. 32099. 32099. 32099. 32099. 32099. 32099. 32099.
 32099. 32099. 32099. 32099. 32099. 32099. 32099. 32099. 32099.]",19,
109,109,"[32120. 32120. 32120. 32120. 32120. 32120. 32120. 32120. 32120. 32120.
 32120. 32120. 32120. 32120. 32120. 32120. 32120. 32120. 32120. 32120.
 32120. 32120. 32120. 32120. 32120. 32120. 32120. 32120. 32120. 32120.
 32120. 32120. 32120. 32120. 32120. 32120. 32120. 32120. 32120. 32120.
 32120. 32120. 32120. 32120. 32120. 32120. 32120. 32120. 32120. 32120.
 32120. 32120. 32120. 32120. 32120. 32120. 32120. 32120. 32120. 32120.
 32120. 32120. 32120. 32120. 32120. 32120. 32120. 32117. 32116. 32115.
 32114. 32114. 32114. 32114. 32114. 32111. 32111. 32107. 32107. 32107.
 32107. 32107. 32107. 32107. 32107. 32107. 32106. 32106. 32106. 32106.
 32106. 32105. 32105. 32105. 32104. 32102. 32102. 32102. 32102. 32101.
 32101. 32101. 32100. 32099. 32099. 32099. 32099. 32099. 32099. 32099.
 32099. 32099. 32099. 32099. 32099. 32099. 32099. 32099. 32099. 32099.
 32099. 32099. 32099. 32099. 32099. 32099. 32099. 32099. 32099.]",19,
110,110,"[32120. 32120. 32120. 32120. 32120. 32120. 32120. 32120. 32120. 32120.
 32120. 32120. 32120. 32120. 32120. 32120. 32120. 32120. 32120. 32120.
 32120. 32120. 32120. 32120. 32120. 32120. 32120. 32120. 32120. 32120.
 32120. 32120. 32120. 32120. 32120. 32120. 32120. 32120. 32120. 32120.
 32120. 32120. 32120. 32120. 32120. 32120. 32120. 32120. 32120. 32120.
 32120. 32120. 32120. 32120. 32120. 32120. 32120. 32120. 32120. 32120.
 32120. 32120. 32120. 32120. 32120. 32120. 32120. 32117. 32116. 32115.
 32114. 32114. 32114. 32114. 32114. 32111. 32111. 32107. 32107. 32107.
 32107. 32107. 32107. 32107. 32107. 32107. 32106. 32106. 32106. 32106.
 32106. 32105. 32105. 32105. 32104. 32102. 32102. 32102. 32102. 32101.
 32101. 32101. 32100. 32099. 32099. 32099. 32099. 32099. 32099. 32099.
 32099. 32099. 32099. 32099. 32099. 32099. 32099. 32099. 32099. 32099.
 32099. 32099. 32099. 32099. 32099. 32099. 32099. 32099. 32099.]",19,
111,111,"[32120. 32120. 32120. 32120. 32120. 32120. 32120. 32120. 32120. 32120.
 32120. 32120. 32120. 32120. 32120. 32120. 32120. 32120. 32120. 32120.
 32120. 32120. 32120. 32120. 32120. 32120. 32120. 32120. 32120. 32120.
 32120. 32120. 32120. 32120. 32120. 32120. 32120. 32120. 32120. 32120.
 32120. 32120. 32120. 32120. 32120. 32120. 32120. 32120. 32120. 32120.
 32120. 32120. 32120. 32120. 32120. 32120. 32120. 32120. 32120. 32120.
 32120. 32120. 32120. 32120. 32120. 32120. 32120. 32117. 32116. 32115.
 32114. 32114. 32114. 32114. 32114. 32111. 32111. 32107. 32107. 32107.
 32107. 32107. 32107. 32107. 32107. 32107. 32106. 32106. 32106. 32106.
 32106. 32105. 32105. 32105. 32104. 32102. 32102. 32102. 32102. 32101.
 32101. 32101. 32100. 32099. 32099. 32099. 32099. 32099. 32099. 32099.
 32099. 32099. 32099. 32099. 32099. 32099. 32099. 32099. 32099. 32099.
 32099. 32099. 32099. 32099. 32099. 32099. 32099. 32099. 32099.]",19,
112,112,"[32120. 32120. 32120. 32120. 32120. 32120. 32120. 32120. 32120. 32120.
 32120. 32120. 32120. 32120. 32120. 32120. 32120. 32120. 32120. 32120.
 32120. 32120. 32120. 32120. 32120. 32120. 32120. 32120. 32120. 32120.
 32120. 32120. 32120. 32120. 32120. 32120. 32120. 32120. 32120. 32120.
 32120. 32120. 32120. 32120. 32120. 32120. 32120. 32120. 32120. 32120.
 32120. 32120. 32120. 32120. 32120. 32120. 32120. 32120. 32120. 32120.
 32120. 32120. 32120. 32120. 32120. 32120. 32120. 32117. 32116. 32115.
 32114. 32114. 32114. 32114. 32114. 32111. 32111. 32107. 32107. 32107.
 32107. 32107. 32107. 32107. 32107. 32107. 32106. 32106. 32106. 32106.
 32106. 32105. 32105. 32105. 32104. 32102. 32102. 32102. 32102. 32101.
 32101. 32101. 32100. 32099. 32099. 32099. 32099. 32099. 32099. 32099.
 32099. 32099. 32099. 32099. 32099. 32099. 32099. 32099. 32099. 32099.
 32099. 32099. 32099. 32099. 32099. 32099. 32099. 32099. 32099.]",19,
113,113,"[32120. 32120. 32120. 32120. 32120. 32120. 32120. 32120. 32120. 32120.
 32120. 32120. 32120. 32120. 32120. 32120. 32120. 32120. 32120. 32120.
 32120. 32120. 32120. 32120. 32120. 32120. 32120. 32120. 32120. 32120.
 32120. 32120. 32120. 32120. 32120. 32120. 32120. 32120. 32120. 32120.
 32120. 32120. 32120. 32120. 32120. 32120. 32120. 32120. 32120. 32120.
 32120. 32120. 32120. 32120. 32120. 32120. 32120. 32120. 32120. 32120.
 32120. 32120. 32120. 32120. 32120. 32120. 32120. 32117. 32116. 32115.
 32114. 32114. 32114. 32114. 32114. 32111. 32111. 32107. 32107. 32107.
 32107. 32107. 32107. 32107. 32107. 32107. 32106. 32106. 32106. 32106.
 32106. 32105. 32105. 32105. 32104. 32102. 32102. 32102. 32102. 32101.
 32101. 32101. 32100. 32099. 32099. 32099. 32099. 32099. 32099. 32099.
 32099. 32099. 32099. 32099. 32099. 32099. 32099. 32099. 32099. 32099.
 32099. 32099. 32099. 32099. 32099. 32099. 32099. 32099. 32099.]",19,
114,114,"[32120. 32120. 32120. 32120. 32120. 32120. 32120. 32120. 32120. 32120.
 32120. 32120. 32120. 32120. 32120. 32120. 32120. 32120. 32120. 32120.
 32120. 32120. 32120. 32120. 32120. 32120. 32120. 32120. 32120. 32120.
 32120. 32120. 32120. 32120. 32120. 32120. 32120. 32120. 32120. 32120.
 32120. 32120. 32120. 32120. 32120. 32120. 32120. 32120. 32120. 32120.
 32120. 32120. 32120. 32120. 32120. 32120. 32120. 32120. 32120. 32120.
 32120. 32120. 32120. 32120. 32120. 32120. 32120. 32117. 32116. 32115.
 32114. 32114. 32114. 32114. 32114. 32111. 32111. 32107. 32107. 32107.
 32107. 32107. 32107. 32107. 32107. 32107. 32106. 32106. 32106. 32106.
 32106. 32105. 32105. 32105. 32104. 32102. 32102. 32102. 32102. 32101.
 32101. 32101. 32100. 32099. 32099. 32099. 32099. 32099. 32099. 32099.
 32099. 32099. 32099. 32099. 32099. 32099. 32099. 32099. 32099. 32099.
 32099. 32099. 32099. 32099. 32099. 32099. 32099. 32099. 32099.]",19,
115,115,"[32120. 32120. 32120. 32120. 32120. 32120. 32120. 32120. 32120. 32120.
 32120. 32120. 32120. 32120. 32120. 32120. 32120. 32120. 32120. 32120.
 32120. 32120. 32120. 32120. 32120. 32120. 32120. 32120. 32120. 32120.
 32120. 32120. 32120. 32120. 32120. 32120. 32120. 32120. 32120. 32120.
 32120. 32120. 32120. 32120. 32120. 32120. 32120. 32120. 32120. 32120.
 32120. 32120. 32120. 32120. 32120. 32120. 32120. 32120. 32120. 32120.
 32120. 32120. 32120. 32120. 32120. 32120. 32120. 32117. 32116. 32115.
 32114. 32114. 32114. 32114. 32114. 32111. 32111. 32107. 32107. 32107.
 32107. 32107. 32107. 32107. 32107. 32107. 32106. 32106. 32106. 32106.
 32106. 32105. 32105. 32105. 32104. 32102. 32102. 32102. 32102. 32101.
 32101. 32101. 32100. 32099. 32099. 32099. 32099. 32099. 32099. 32099.
 32099. 32099. 32099. 32099. 32099. 32099. 32099. 32099. 32099. 32099.
 32099. 32099. 32099. 32099. 32099. 32099. 32099. 32099. 32099.]",19,
116,116,"[32120. 32120. 32120. 32120. 32120. 32120. 32120. 32120. 32120. 32120.
 32120. 32120. 32120. 32120. 32120. 32120. 32120. 32120. 32120. 32120.
 32120. 32120. 32120. 32120. 32120. 32120. 32120. 32120. 32120. 32120.
 32120. 32120. 32120. 32120. 32120. 32120. 32120. 32120. 32120. 32120.
 32120. 32120. 32120. 32120. 32120. 32120. 32120. 32120. 32120. 32120.
 32120. 32120. 32120. 32120. 32120. 32120. 32120. 32120. 32120. 32120.
 32120. 32120. 32120. 32120. 32120. 32120. 32120. 32117. 32116. 32115.
 32114. 32114. 32114. 32114. 32114. 32111. 32111. 32107. 32107. 32107.
 32107. 32107. 32107. 32107. 32107. 32107. 32106. 32106. 32106. 32106.
 32106. 32105. 32105. 32105. 32104. 32102. 32102. 32102. 32102. 32101.
 32101. 32101. 32100. 32099. 32099. 32099. 32099. 32099. 32099. 32099.
 32099. 32099. 32099. 32099. 32099. 32099. 32099. 32099. 32099. 32099.
 32099. 32099. 32099. 32099. 32099. 32099. 32099. 32099. 32099.]",19,
117,117,"[32120. 32120. 32120. 32120. 32120. 32120. 32120. 32120. 32120. 32120.
 32120. 32120. 32120. 32120. 32120. 32120. 32120. 32120. 32120. 32120.
 32120. 32120. 32120. 32120. 32120. 32120. 32120. 32120. 32120. 32120.
 32120. 32120. 32120. 32120. 32120. 32120. 32120. 32120. 32120. 32120.
 32120. 32120. 32120. 32120. 32120. 32120. 32120. 32120. 32120. 32120.
 32120. 32120. 32120. 32120. 32120. 32120. 32120. 32120. 32120. 32120.
 32120. 32120. 32120. 32120. 32120. 32120. 32120. 32117. 32116. 32115.
 32114. 32114. 32114. 32114. 32114. 32111. 32111. 32107. 32107. 32107.
 32107. 32107. 32107. 32107. 32107. 32107. 32106. 32106. 32106. 32106.
 32106. 32105. 32105. 32105. 32104. 32102. 32102. 32102. 32102. 32101.
 32101. 32101. 32100. 32099. 32099. 32099. 32099. 32099. 32099. 32099.
 32099. 32099. 32099. 32099. 32099. 32099. 32099. 32099. 32099. 32099.
 32099. 32099. 32099. 32099. 32099. 32099. 32099. 32099. 32099.]",19,
118,118,"[32120. 32120. 32120. 32120. 32120. 32120. 32120. 32120. 32120. 32120.
 32120. 32120. 32120. 32120. 32120. 32120. 32120. 32120. 32120. 32120.
 32120. 32120. 32120. 32120. 32120. 32120. 32120. 32120. 32120. 32120.
 32120. 32120. 32120. 32120. 32120. 32120. 32120. 32120. 32120. 32120.
 32120. 32120. 32120. 32120. 32120. 32120. 32120. 32120. 32120. 32120.
 32120. 32120. 32120. 32120. 32120. 32120. 32120. 32120. 32120. 32120.
 32120. 32120. 32120. 32120. 32120. 32120. 32120. 32117. 32116. 32115.
 32114. 32114. 32114. 32114. 32114. 32111. 32111. 32107. 32107. 32107.
 32107. 32107. 32107. 32107. 32107. 32107. 32106. 32106. 32106. 32106.
 32106. 32105. 32105. 32105. 32104. 32102. 32102. 32102. 32102. 32101.
 32101. 32101. 32100. 32099. 32099. 32099. 32099. 32099. 32099. 32099.
 32099. 32099. 32099. 32099. 32099. 32099. 32099. 32099. 32099. 32099.
 32099. 32099. 32099. 32099. 32099. 32099. 32099. 32099. 32099.]",19,
119,119,"[32120. 32120. 32120. 32120. 32120. 32120. 32120. 32120. 32120. 32120.
 32120. 32120. 32120. 32120. 32120. 32120. 32120. 32120. 32120. 32120.
 32120. 32120. 32120. 32120. 32120. 32120. 32120. 32120. 32120. 32120.
 32120. 32120. 32120. 32120. 32120. 32120. 32120. 32120. 32120. 32120.
 32120. 32120. 32120. 32120. 32120. 32120. 32120. 32120. 32120. 32120.
 32120. 32120. 32120. 32120. 32120. 32120. 32120. 32120. 32120. 32120.
 32120. 32120. 32120. 32120. 32120. 32120. 32120. 32117. 32116. 32115.
 32114. 32114. 32114. 32114. 32114. 32111. 32111. 32107. 32107. 32107.
 32107. 32107. 32107. 32107. 32107. 32107. 32106. 32106. 32106. 32106.
 32106. 32105. 32105. 32105. 32104. 32102. 32102. 32102. 32102. 32101.
 32101. 32101. 32100. 32099. 32099. 32099. 32099. 32099. 32099. 32099.
 32099. 32099. 32099. 32099. 32099. 32099. 32099. 32099. 32099. 32099.
 32099. 32099. 32099. 32099. 32099. 32099. 32099. 32099. 32099.]",19,
120,120,"[32120. 32120. 32120. 32120. 32120. 32120. 32120. 32120. 32120. 32120.
 32120. 32120. 32120. 32120. 32120. 32120. 32120. 32120. 32120. 32120.
 32120. 32120. 32120. 32120. 32120. 32120. 32120. 32120. 32120. 32120.
 32120. 32120. 32120. 32120. 32120. 32120. 32120. 32120. 32120. 32120.
 32120. 32120. 32120. 32120. 32120. 32120. 32120. 32120. 32120. 32120.
 32120. 32120. 32120. 32120. 32120. 32120. 32120. 32120. 32120. 32120.
 32120. 32120. 32120. 32120. 32120. 32120. 32120. 32117. 32116. 32115.
 32114. 32114. 32114. 32114. 32114. 32111. 32111. 32107. 32107. 32107.
 32107. 32107. 32107. 32107. 32107. 32107. 32106. 32106. 32106. 32106.
 32106. 32105. 32105. 32105. 32104. 32102. 32102. 32102. 32102. 32101.
 32101. 32101. 32100. 32099. 32099. 32099. 32099. 32099. 32099. 32099.
 32099. 32099. 32099. 32099. 32099. 32099. 32099. 32099. 32099. 32099.
 32099. 32099. 32099. 32099. 32099. 32099. 32099. 32099. 32099.]",19,
121,121,"[32120. 32120. 32120. 32120. 32120. 32120. 32120. 32120. 32120. 32120.
 32120. 32120. 32120. 32120. 32120. 32120. 32120. 32120. 32120. 32120.
 32120. 32120. 32120. 32120. 32120. 32120. 32120. 32120. 32120. 32120.
 32120. 32120. 32120. 32120. 32120. 32120. 32120. 32120. 32120. 32120.
 32120. 32120. 32120. 32120. 32120. 32120. 32120. 32120. 32120. 32120.
 32120. 32120. 32120. 32120. 32120. 32120. 32120. 32120. 32120. 32120.
 32120. 32120. 32120. 32120. 32120. 32120. 32120. 32117. 32116. 32115.
 32114. 32114. 32114. 32114. 32114. 32111. 32111. 32107. 32107. 32107.
 32107. 32107. 32107. 32107. 32107. 32107. 32106. 32106. 32106. 32106.
 32106. 32105. 32105. 32105. 32104. 32102. 32102. 32102. 32102. 32101.
 32101. 32101. 32100. 32099. 32099. 32099. 32099. 32099. 32099. 32099.
 32099. 32099. 32099. 32099. 32099. 32099. 32099. 32099. 32099. 32099.
 32099. 32099. 32099. 32099. 32099. 32099. 32099. 32099. 32099.]",19,
122,122,"[32120. 32120. 32120. 32120. 32120. 32120. 32120. 32120. 32120. 32120.
 32120. 32120. 32120. 32120. 32120. 32120. 32120. 32120. 32120. 32120.
 32120. 32120. 32120. 32120. 32120. 32120. 32120. 32120. 32120. 32120.
 32120. 32120. 32120. 32120. 32120. 32120. 32120. 32120. 32120. 32120.
 32120. 32120. 32120. 32120. 32120. 32120. 32120. 32120. 32120. 32120.
 32120. 32120. 32120. 32120. 32120. 32120. 32120. 32120. 32120. 32120.
 32120. 32120. 32120. 32120. 32120. 32120. 32120. 32117. 32116. 32115.
 32114. 32114. 32114. 32114. 32114. 32111. 32111. 32107. 32107. 32107.
 32107. 32107. 32107. 32107. 32107. 32107. 32106. 32106. 32106. 32106.
 32106. 32105. 32105. 32105. 32104. 32102. 32102. 32102. 32102. 32101.
 32101. 32101. 32100. 32099. 32099. 32099. 32099. 32099. 32099. 32099.
 32099. 32099. 32099. 32099. 32099. 32099. 32099. 32099. 32099. 32099.
 32099. 32099. 32099. 32099. 32099. 32099. 32099. 32099. 32099.]",19,
123,123,"[32120. 32120. 32120. 32120. 32120. 32120. 32120. 32120. 32120. 32120.
 32120. 32120. 32120. 32120. 32120. 32120. 32120. 32120. 32120. 32120.
 32120. 32120. 32120. 32120. 32120. 32120. 32120. 32120. 32120. 32120.
 32120. 32120. 32120. 32120. 32120. 32120. 32120. 32120. 32120. 32120.
 32120. 32120. 32120. 32120. 32120. 32120. 32120. 32120. 32120. 32120.
 32120. 32120. 32120. 32120. 32120. 32120. 32120. 32120. 32120. 32120.
 32120. 32120. 32120. 32120. 32120. 32120. 32120. 32117. 32116. 32115.
 32114. 32114. 32114. 32114. 32114. 32111. 32111. 32107. 32107. 32107.
 32107. 32107. 32107. 32107. 32107. 32107. 32106. 32106. 32106. 32106.
 32106. 32105. 32105. 32105. 32104. 32102. 32102. 32102. 32102. 32101.
 32101. 32101. 32100. 32099. 32099. 32099. 32099. 32099. 32099. 32099.
 32099. 32099. 32099. 32099. 32099. 32099. 32099. 32099. 32099. 32099.
 32099. 32099. 32099. 32099. 32099. 32099. 32099. 32099. 32099.]",19,
124,124,"[32120. 32120. 32120. 32120. 32120. 32120. 32120. 32120. 32120. 32120.
 32120. 32120. 32120. 32120. 32120. 32120. 32120. 32120. 32120. 32120.
 32120. 32120. 32120. 32120. 32120. 32120. 32120. 32120. 32120. 32120.
 32120. 32120. 32120. 32120. 32120. 32120. 32120. 32120. 32120. 32120.
 32120. 32120. 32120. 32120. 32120. 32120. 32120. 32120. 32120. 32120.
 32120. 32120. 32120. 32120. 32120. 32120. 32120. 32120. 32120. 32120.
 32120. 32120. 32120. 32120. 32120. 32120. 32120. 32117. 32116. 32115.
 32114. 32114. 32114. 32114. 32114. 32111. 32111. 32107. 32107. 32107.
 32107. 32107. 32107. 32107. 32107. 32107. 32106. 32106. 32106. 32106.
 32106. 32105. 32105. 32105. 32104. 32102. 32102. 32102. 32102. 32101.
 32101. 32101. 32100. 32099. 32099. 32099. 32099. 32099. 32099. 32099.
 32099. 32099. 32099. 32099. 32099. 32099. 32099. 32099. 32099. 32099.
 32099. 32099. 32099. 32099. 32099. 32099. 32099. 32099. 32099.]",19,
125,125,"[32120. 32120. 32120. 32120. 32120. 32120. 32120. 32120. 32120. 32120.
 32120. 32120. 32120. 32120. 32120. 32120. 32120. 32120. 32120. 32120.
 32120. 32120. 32120. 32120. 32120. 32120. 32120. 32120. 32120. 32120.
 32120. 32120. 32120. 32120. 32120. 32120. 32120. 32120. 32120. 32120.
 32120. 32120. 32120. 32120. 32120. 32120. 32120. 32120. 32120. 32120.
 32120. 32120. 32120. 32120. 32120. 32120. 32120. 32120. 32120. 32120.
 32120. 32120. 32120. 32120. 32120. 32120. 32120. 32117. 32116. 32115.
 32114. 32114. 32114. 32114. 32114. 32111. 32111. 32107. 32107. 32107.
 32107. 32107. 32107. 32107. 32107. 32107. 32106. 32106. 32106. 32106.
 32106. 32105. 32105. 32105. 32104. 32102. 32102. 32102. 32102. 32101.
 32101. 32101. 32100. 32099. 32099. 32099. 32099. 32099. 32099. 32099.
 32099. 32099. 32099. 32099. 32099. 32099. 32099. 32099. 32099. 32099.
 32099. 32099. 32099. 32099. 32099. 32099. 32099. 32099. 32099.]",19,
126,126,"[32120. 32120. 32120. 32120. 32120. 32120. 32120. 32120. 32120. 32120.
 32120. 32120. 32120. 32120. 32120. 32120. 32120. 32120. 32120. 32120.
 32120. 32120. 32120. 32120. 32120. 32120. 32120. 32120. 32120. 32120.
 32120. 32120. 32120. 32120. 32120. 32120. 32120. 32120. 32120. 32120.
 32120. 32120. 32120. 32120. 32120. 32120. 32120. 32120. 32120. 32120.
 32120. 32120. 32120. 32120. 32120. 32120. 32120. 32120. 32120. 32120.
 32120. 32120. 32120. 32120. 32120. 32120. 32120. 32117. 32116. 32115.
 32114. 32114. 32114. 32114. 32114. 32111. 32111. 32107. 32107. 32107.
 32107. 32107. 32107. 32107. 32107. 32107. 32106. 32106. 32106. 32106.
 32106. 32105. 32105. 32105. 32104. 32102. 32102. 32102. 32102. 32101.
 32101. 32101. 32100. 32099. 32099. 32099. 32099. 32099. 32099. 32099.
 32099. 32099. 32099. 32099. 32099. 32099. 32099. 32099. 32099. 32099.
 32099. 32099. 32099. 32099. 32099. 32099. 32099. 32099. 32099.]",19,
127,127,"[32120. 32120. 32120. 32120. 32120. 32120. 32120. 32120. 32120. 32120.
 32120. 32120. 32120. 32120. 32120. 32120. 32120. 32120. 32120. 32120.
 32120. 32120. 32120. 32120. 32120. 32120. 32120. 32120. 32120. 32120.
 32120. 32120. 32120. 32120. 32120. 32120. 32120. 32120. 32120. 32120.
 32120. 32120. 32120. 32120. 32120. 32120. 32120. 32120. 32120. 32120.
 32120. 32120. 32120. 32120. 32120. 32120. 32120. 32120. 32120. 32120.
 32120. 32120. 32120. 32120. 32120. 32120. 32120. 32117. 32116. 32115.
 32114. 32114. 32114. 32114. 32114. 32111. 32111. 32107. 32107. 32107.
 32107. 32107. 32107. 32107. 32107. 32107. 32106. 32106. 32106. 32106.
 32106. 32105. 32105. 32105. 32104. 32102. 32102. 32102. 32102. 32101.
 32101. 32101. 32100. 32099. 32099. 32099. 32099. 32099. 32099. 32099.
 32099. 32099. 32099. 32099. 32099. 32099. 32099. 32099. 32099. 32099.
 32099. 32099. 32099. 32099. 32099. 32099. 32099. 32099. 32099.]",19,
128,128,"[32120. 32120. 32120. 32120. 32120. 32120. 32120. 32120. 32120. 32120.
 32120. 32120. 32120. 32120. 32120. 32120. 32120. 32120. 32120. 32120.
 32120. 32120. 32120. 32120. 32120. 32120. 32120. 32120. 32120. 32120.
 32120. 32120. 32120. 32120. 32120. 32120. 32120. 32120. 32120. 32120.
 32120. 32120. 32120. 32120. 32120. 32120. 32120. 32120. 32120. 32120.
 32120. 32120. 32120. 32120. 32120. 32120. 32120. 32120. 32120. 32120.
 32120. 32120. 32120. 32120. 32120. 32120. 32120. 32117. 32116. 32115.
 32114. 32114. 32114. 32114. 32114. 32111. 32111. 32107. 32107. 32107.
 32107. 32107. 32107. 32107. 32107. 32107. 32106. 32106. 32106. 32106.
 32106. 32105. 32105. 32105. 32104. 32102. 32102. 32102. 32102. 32101.
 32101. 32101. 32100. 32099. 32099. 32099. 32099. 32099. 32099. 32099.
 32099. 32099. 32099. 32099. 32099. 32099. 32099. 32099. 32099. 32099.
 32099. 32099. 32099. 32099. 32099. 32099. 32099. 32099. 32099.]",19,
