,Days,S,I,R
0,0,"[13772. 13772. 13772. 13772. 13772. 13772. 13772. 13772. 13772. 13772.
 13772. 13772. 13772. 13772. 13772. 13772. 13772. 13772. 13772. 13772.
 13772. 13772. 13772. 13772. 13772. 13772. 13772. 13772. 13772. 13772.
 13772. 13772. 13772. 13772. 13772. 13772. 13772. 13772. 13772. 13772.
 13772. 13772. 13772. 13772. 13772. 13772. 13772. 13772. 13772. 13772.
 13772. 13772. 13772. 13772. 13772. 13772. 13772. 13772. 13772. 13772.
 13772. 13772. 13772. 13772. 13772. 13772. 13772. 13772. 13771. 13771.
 13771. 13771. 13771. 13771. 13771. 13771. 13770. 13770. 13770. 13769.
 13769. 13768. 13768. 13768. 13767. 13766. 13766. 13765. 13765. 13765.
 13765. 13765. 13765. 13763. 13763. 13763. 13761. 13761. 13761. 13760.
 13760. 13760. 13760. 13760. 13757. 13757. 13757. 13757. 13755. 13755.
 13747. 13747. 13747. 13745. 13744. 13743. 13742. 13742. 13742. 13742.
 13742. 13737. 13737. 13737. 13737. 13737. 13737. 13737. 13736.]",0,
1,1,"[13772. 13772. 13772. 13772. 13772. 13772. 13772. 13772. 13772. 13772.
 13772. 13772. 13772. 13772. 13772. 13772. 13772. 13772. 13772. 13772.
 13772. 13772. 13772. 13772. 13772. 13772. 13772. 13772. 13772. 13772.
 13772. 13772. 13772. 13772. 13772. 13772. 13772. 13772. 13772. 13772.
 13772. 13772. 13772. 13772. 13772. 13772. 13772. 13772. 13772. 13772.
 13772. 13772. 13772. 13772. 13772. 13772. 13772. 13772. 13772. 13772.
 13772. 13772. 13772. 13772. 13772. 13772. 13772. 13772. 13771. 13771.
 13771. 13771. 13771. 13771. 13771. 13771. 13770. 13770. 13770. 13769.
 13769. 13768. 13768. 13768. 13767. 13766. 13766. 13765. 13765. 13765.
 13765. 13765. 13765. 13763. 13763. 13763. 13761. 13761. 13761. 13760.
 13760. 13760. 13760. 13760. 13757. 13757. 13757. 13757. 13755. 13755.
 13747. 13747. 13747. 13745. 13744. 13743. 13742. 13742. 13742. 13742.
 13742. 13737. 13737. 13737. 13737. 13737. 13737. 13737. 13736.]",0,
2,2,"[13772. 13772. 13772. 13772. 13772. 13772. 13772. 13772. 13772. 13772.
 13772. 13772. 13772. 13772. 13772. 13772. 13772. 13772. 13772. 13772.
 13772. 13772. 13772. 13772. 13772. 13772. 13772. 13772. 13772. 13772.
 13772. 13772. 13772. 13772. 13772. 13772. 13772. 13772. 13772. 13772.
 13772. 13772. 13772. 13772. 13772. 13772. 13772. 13772. 13772. 13772.
 13772. 13772. 13772. 13772. 13772. 13772. 13772. 13772. 13772. 13772.
 13772. 13772. 13772. 13772. 13772. 13772. 13772. 13772. 13771. 13771.
 13771. 13771. 13771. 13771. 13771. 13771. 13770. 13770. 13770. 13769.
 13769. 13768. 13768. 13768. 13767. 13766. 13766. 13765. 13765. 13765.
 13765. 13765. 13765. 13763. 13763. 13763. 13761. 13761. 13761. 13760.
 13760. 13760. 13760. 13760. 13757. 13757. 13757. 13757. 13755. 13755.
 13747. 13747. 13747. 13745. 13744. 13743. 13742. 13742. 13742. 13742.
 13742. 13737. 13737. 13737. 13737. 13737. 13737. 13737. 13736.]",0,
3,3,"[13772. 13772. 13772. 13772. 13772. 13772. 13772. 13772. 13772. 13772.
 13772. 13772. 13772. 13772. 13772. 13772. 13772. 13772. 13772. 13772.
 13772. 13772. 13772. 13772. 13772. 13772. 13772. 13772. 13772. 13772.
 13772. 13772. 13772. 13772. 13772. 13772. 13772. 13772. 13772. 13772.
 13772. 13772. 13772. 13772. 13772. 13772. 13772. 13772. 13772. 13772.
 13772. 13772. 13772. 13772. 13772. 13772. 13772. 13772. 13772. 13772.
 13772. 13772. 13772. 13772. 13772. 13772. 13772. 13772. 13771. 13771.
 13771. 13771. 13771. 13771. 13771. 13771. 13770. 13770. 13770. 13769.
 13769. 13768. 13768. 13768. 13767. 13766. 13766. 13765. 13765. 13765.
 13765. 13765. 13765. 13763. 13763. 13763. 13761. 13761. 13761. 13760.
 13760. 13760. 13760. 13760. 13757. 13757. 13757. 13757. 13755. 13755.
 13747. 13747. 13747. 13745. 13744. 13743. 13742. 13742. 13742. 13742.
 13742. 13737. 13737. 13737. 13737. 13737. 13737. 13737. 13736.]",0,
4,4,"[13772. 13772. 13772. 13772. 13772. 13772. 13772. 13772. 13772. 13772.
 13772. 13772. 13772. 13772. 13772. 13772. 13772. 13772. 13772. 13772.
 13772. 13772. 13772. 13772. 13772. 13772. 13772. 13772. 13772. 13772.
 13772. 13772. 13772. 13772. 13772. 13772. 13772. 13772. 13772. 13772.
 13772. 13772. 13772. 13772. 13772. 13772. 13772. 13772. 13772. 13772.
 13772. 13772. 13772. 13772. 13772. 13772. 13772. 13772. 13772. 13772.
 13772. 13772. 13772. 13772. 13772. 13772. 13772. 13772. 13771. 13771.
 13771. 13771. 13771. 13771. 13771. 13771. 13770. 13770. 13770. 13769.
 13769. 13768. 13768. 13768. 13767. 13766. 13766. 13765. 13765. 13765.
 13765. 13765. 13765. 13763. 13763. 13763. 13761. 13761. 13761. 13760.
 13760. 13760. 13760. 13760. 13757. 13757. 13757. 13757. 13755. 13755.
 13747. 13747. 13747. 13745. 13744. 13743. 13742. 13742. 13742. 13742.
 13742. 13737. 13737. 13737. 13737. 13737. 13737. 13737. 13736.]",0,
5,5,"[13772. 13772. 13772. 13772. 13772. 13772. 13772. 13772. 13772. 13772.
 13772. 13772. 13772. 13772. 13772. 13772. 13772. 13772. 13772. 13772.
 13772. 13772. 13772. 13772. 13772. 13772. 13772. 13772. 13772. 13772.
 13772. 13772. 13772. 13772. 13772. 13772. 13772. 13772. 13772. 13772.
 13772. 13772. 13772. 13772. 13772. 13772. 13772. 13772. 13772. 13772.
 13772. 13772. 13772. 13772. 13772. 13772. 13772. 13772. 13772. 13772.
 13772. 13772. 13772. 13772. 13772. 13772. 13772. 13772. 13771. 13771.
 13771. 13771. 13771. 13771. 13771. 13771. 13770. 13770. 13770. 13769.
 13769. 13768. 13768. 13768. 13767. 13766. 13766. 13765. 13765. 13765.
 13765. 13765. 13765. 13763. 13763. 13763. 13761. 13761. 13761. 13760.
 13760. 13760. 13760. 13760. 13757. 13757. 13757. 13757. 13755. 13755.
 13747. 13747. 13747. 13745. 13744. 13743. 13742. 13742. 13742. 13742.
 13742. 13737. 13737. 13737. 13737. 13737. 13737. 13737. 13736.]",0,
6,6,"[13772. 13772. 13772. 13772. 13772. 13772. 13772. 13772. 13772. 13772.
 13772. 13772. 13772. 13772. 13772. 13772. 13772. 13772. 13772. 13772.
 13772. 13772. 13772. 13772. 13772. 13772. 13772. 13772. 13772. 13772.
 13772. 13772. 13772. 13772. 13772. 13772. 13772. 13772. 13772. 13772.
 13772. 13772. 13772. 13772. 13772. 13772. 13772. 13772. 13772. 13772.
 13772. 13772. 13772. 13772. 13772. 13772. 13772. 13772. 13772. 13772.
 13772. 13772. 13772. 13772. 13772. 13772. 13772. 13772. 13771. 13771.
 13771. 13771. 13771. 13771. 13771. 13771. 13770. 13770. 13770. 13769.
 13769. 13768. 13768. 13768. 13767. 13766. 13766. 13765. 13765. 13765.
 13765. 13765. 13765. 13763. 13763. 13763. 13761. 13761. 13761. 13760.
 13760. 13760. 13760. 13760. 13757. 13757. 13757. 13757. 13755. 13755.
 13747. 13747. 13747. 13745. 13744. 13743. 13742. 13742. 13742. 13742.
 13742. 13737. 13737. 13737. 13737. 13737. 13737. 13737. 13736.]",0,
7,7,"[13772. 13772. 13772. 13772. 13772. 13772. 13772. 13772. 13772. 13772.
 13772. 13772. 13772. 13772. 13772. 13772. 13772. 13772. 13772. 13772.
 13772. 13772. 13772. 13772. 13772. 13772. 13772. 13772. 13772. 13772.
 13772. 13772. 13772. 13772. 13772. 13772. 13772. 13772. 13772. 13772.
 13772. 13772. 13772. 13772. 13772. 13772. 13772. 13772. 13772. 13772.
 13772. 13772. 13772. 13772. 13772. 13772. 13772. 13772. 13772. 13772.
 13772. 13772. 13772. 13772. 13772. 13772. 13772. 13772. 13771. 13771.
 13771. 13771. 13771. 13771. 13771. 13771. 13770. 13770. 13770. 13769.
 13769. 13768. 13768. 13768. 13767. 13766. 13766. 13765. 13765. 13765.
 13765. 13765. 13765. 13763. 13763. 13763. 13761. 13761. 13761. 13760.
 13760. 13760. 13760. 13760. 13757. 13757. 13757. 13757. 13755. 13755.
 13747. 13747. 13747. 13745. 13744. 13743. 13742. 13742. 13742. 13742.
 13742. 13737. 13737. 13737. 13737. 13737. 13737. 13737. 13736.]",0,
8,8,"[13772. 13772. 13772. 13772. 13772. 13772. 13772. 13772. 13772. 13772.
 13772. 13772. 13772. 13772. 13772. 13772. 13772. 13772. 13772. 13772.
 13772. 13772. 13772. 13772. 13772. 13772. 13772. 13772. 13772. 13772.
 13772. 13772. 13772. 13772. 13772. 13772. 13772. 13772. 13772. 13772.
 13772. 13772. 13772. 13772. 13772. 13772. 13772. 13772. 13772. 13772.
 13772. 13772. 13772. 13772. 13772. 13772. 13772. 13772. 13772. 13772.
 13772. 13772. 13772. 13772. 13772. 13772. 13772. 13772. 13771. 13771.
 13771. 13771. 13771. 13771. 13771. 13771. 13770. 13770. 13770. 13769.
 13769. 13768. 13768. 13768. 13767. 13766. 13766. 13765. 13765. 13765.
 13765. 13765. 13765. 13763. 13763. 13763. 13761. 13761. 13761. 13760.
 13760. 13760. 13760. 13760. 13757. 13757. 13757. 13757. 13755. 13755.
 13747. 13747. 13747. 13745. 13744. 13743. 13742. 13742. 13742. 13742.
 13742. 13737. 13737. 13737. 13737. 13737. 13737. 13737. 13736.]",0,
9,9,"[13772. 13772. 13772. 13772. 13772. 13772. 13772. 13772. 13772. 13772.
 13772. 13772. 13772. 13772. 13772. 13772. 13772. 13772. 13772. 13772.
 13772. 13772. 13772. 13772. 13772. 13772. 13772. 13772. 13772. 13772.
 13772. 13772. 13772. 13772. 13772. 13772. 13772. 13772. 13772. 13772.
 13772. 13772. 13772. 13772. 13772. 13772. 13772. 13772. 13772. 13772.
 13772. 13772. 13772. 13772. 13772. 13772. 13772. 13772. 13772. 13772.
 13772. 13772. 13772. 13772. 13772. 13772. 13772. 13772. 13771. 13771.
 13771. 13771. 13771. 13771. 13771. 13771. 13770. 13770. 13770. 13769.
 13769. 13768. 13768. 13768. 13767. 13766. 13766. 13765. 13765. 13765.
 13765. 13765. 13765. 13763. 13763. 13763. 13761. 13761. 13761. 13760.
 13760. 13760. 13760. 13760. 13757. 13757. 13757. 13757. 13755. 13755.
 13747. 13747. 13747. 13745. 13744. 13743. 13742. 13742. 13742. 13742.
 13742. 13737. 13737. 13737. 13737. 13737. 13737. 13737. 13736.]",0,
10,10,"[13772. 13772. 13772. 13772. 13772. 13772. 13772. 13772. 13772. 13772.
 13772. 13772. 13772. 13772. 13772. 13772. 13772. 13772. 13772. 13772.
 13772. 13772. 13772. 13772. 13772. 13772. 13772. 13772. 13772. 13772.
 13772. 13772. 13772. 13772. 13772. 13772. 13772. 13772. 13772. 13772.
 13772. 13772. 13772. 13772. 13772. 13772. 13772. 13772. 13772. 13772.
 13772. 13772. 13772. 13772. 13772. 13772. 13772. 13772. 13772. 13772.
 13772. 13772. 13772. 13772. 13772. 13772. 13772. 13772. 13771. 13771.
 13771. 13771. 13771. 13771. 13771. 13771. 13770. 13770. 13770. 13769.
 13769. 13768. 13768. 13768. 13767. 13766. 13766. 13765. 13765. 13765.
 13765. 13765. 13765. 13763. 13763. 13763. 13761. 13761. 13761. 13760.
 13760. 13760. 13760. 13760. 13757. 13757. 13757. 13757. 13755. 13755.
 13747. 13747. 13747. 13745. 13744. 13743. 13742. 13742. 13742. 13742.
 13742. 13737. 13737. 13737. 13737. 13737. 13737. 13737. 13736.]",0,
11,11,"[13772. 13772. 13772. 13772. 13772. 13772. 13772. 13772. 13772. 13772.
 13772. 13772. 13772. 13772. 13772. 13772. 13772. 13772. 13772. 13772.
 13772. 13772. 13772. 13772. 13772. 13772. 13772. 13772. 13772. 13772.
 13772. 13772. 13772. 13772. 13772. 13772. 13772. 13772. 13772. 13772.
 13772. 13772. 13772. 13772. 13772. 13772. 13772. 13772. 13772. 13772.
 13772. 13772. 13772. 13772. 13772. 13772. 13772. 13772. 13772. 13772.
 13772. 13772. 13772. 13772. 13772. 13772. 13772. 13772. 13771. 13771.
 13771. 13771. 13771. 13771. 13771. 13771. 13770. 13770. 13770. 13769.
 13769. 13768. 13768. 13768. 13767. 13766. 13766. 13765. 13765. 13765.
 13765. 13765. 13765. 13763. 13763. 13763. 13761. 13761. 13761. 13760.
 13760. 13760. 13760. 13760. 13757. 13757. 13757. 13757. 13755. 13755.
 13747. 13747. 13747. 13745. 13744. 13743. 13742. 13742. 13742. 13742.
 13742. 13737. 13737. 13737. 13737. 13737. 13737. 13737. 13736.]",0,
12,12,"[13772. 13772. 13772. 13772. 13772. 13772. 13772. 13772. 13772. 13772.
 13772. 13772. 13772. 13772. 13772. 13772. 13772. 13772. 13772. 13772.
 13772. 13772. 13772. 13772. 13772. 13772. 13772. 13772. 13772. 13772.
 13772. 13772. 13772. 13772. 13772. 13772. 13772. 13772. 13772. 13772.
 13772. 13772. 13772. 13772. 13772. 13772. 13772. 13772. 13772. 13772.
 13772. 13772. 13772. 13772. 13772. 13772. 13772. 13772. 13772. 13772.
 13772. 13772. 13772. 13772. 13772. 13772. 13772. 13772. 13771. 13771.
 13771. 13771. 13771. 13771. 13771. 13771. 13770. 13770. 13770. 13769.
 13769. 13768. 13768. 13768. 13767. 13766. 13766. 13765. 13765. 13765.
 13765. 13765. 13765. 13763. 13763. 13763. 13761. 13761. 13761. 13760.
 13760. 13760. 13760. 13760. 13757. 13757. 13757. 13757. 13755. 13755.
 13747. 13747. 13747. 13745. 13744. 13743. 13742. 13742. 13742. 13742.
 13742. 13737. 13737. 13737. 13737. 13737. 13737. 13737. 13736.]",0,
13,13,"[13772. 13772. 13772. 13772. 13772. 13772. 13772. 13772. 13772. 13772.
 13772. 13772. 13772. 13772. 13772. 13772. 13772. 13772. 13772. 13772.
 13772. 13772. 13772. 13772. 13772. 13772. 13772. 13772. 13772. 13772.
 13772. 13772. 13772. 13772. 13772. 13772. 13772. 13772. 13772. 13772.
 13772. 13772. 13772. 13772. 13772. 13772. 13772. 13772. 13772. 13772.
 13772. 13772. 13772. 13772. 13772. 13772. 13772. 13772. 13772. 13772.
 13772. 13772. 13772. 13772. 13772. 13772. 13772. 13772. 13771. 13771.
 13771. 13771. 13771. 13771. 13771. 13771. 13770. 13770. 13770. 13769.
 13769. 13768. 13768. 13768. 13767. 13766. 13766. 13765. 13765. 13765.
 13765. 13765. 13765. 13763. 13763. 13763. 13761. 13761. 13761. 13760.
 13760. 13760. 13760. 13760. 13757. 13757. 13757. 13757. 13755. 13755.
 13747. 13747. 13747. 13745. 13744. 13743. 13742. 13742. 13742. 13742.
 13742. 13737. 13737. 13737. 13737. 13737. 13737. 13737. 13736.]",0,
14,14,"[13772. 13772. 13772. 13772. 13772. 13772. 13772. 13772. 13772. 13772.
 13772. 13772. 13772. 13772. 13772. 13772. 13772. 13772. 13772. 13772.
 13772. 13772. 13772. 13772. 13772. 13772. 13772. 13772. 13772. 13772.
 13772. 13772. 13772. 13772. 13772. 13772. 13772. 13772. 13772. 13772.
 13772. 13772. 13772. 13772. 13772. 13772. 13772. 13772. 13772. 13772.
 13772. 13772. 13772. 13772. 13772. 13772. 13772. 13772. 13772. 13772.
 13772. 13772. 13772. 13772. 13772. 13772. 13772. 13772. 13771. 13771.
 13771. 13771. 13771. 13771. 13771. 13771. 13770. 13770. 13770. 13769.
 13769. 13768. 13768. 13768. 13767. 13766. 13766. 13765. 13765. 13765.
 13765. 13765. 13765. 13763. 13763. 13763. 13761. 13761. 13761. 13760.
 13760. 13760. 13760. 13760. 13757. 13757. 13757. 13757. 13755. 13755.
 13747. 13747. 13747. 13745. 13744. 13743. 13742. 13742. 13742. 13742.
 13742. 13737. 13737. 13737. 13737. 13737. 13737. 13737. 13736.]",0,
15,15,"[13772. 13772. 13772. 13772. 13772. 13772. 13772. 13772. 13772. 13772.
 13772. 13772. 13772. 13772. 13772. 13772. 13772. 13772. 13772. 13772.
 13772. 13772. 13772. 13772. 13772. 13772. 13772. 13772. 13772. 13772.
 13772. 13772. 13772. 13772. 13772. 13772. 13772. 13772. 13772. 13772.
 13772. 13772. 13772. 13772. 13772. 13772. 13772. 13772. 13772. 13772.
 13772. 13772. 13772. 13772. 13772. 13772. 13772. 13772. 13772. 13772.
 13772. 13772. 13772. 13772. 13772. 13772. 13772. 13772. 13771. 13771.
 13771. 13771. 13771. 13771. 13771. 13771. 13770. 13770. 13770. 13769.
 13769. 13768. 13768. 13768. 13767. 13766. 13766. 13765. 13765. 13765.
 13765. 13765. 13765. 13763. 13763. 13763. 13761. 13761. 13761. 13760.
 13760. 13760. 13760. 13760. 13757. 13757. 13757. 13757. 13755. 13755.
 13747. 13747. 13747. 13745. 13744. 13743. 13742. 13742. 13742. 13742.
 13742. 13737. 13737. 13737. 13737. 13737. 13737. 13737. 13736.]",0,
16,16,"[13772. 13772. 13772. 13772. 13772. 13772. 13772. 13772. 13772. 13772.
 13772. 13772. 13772. 13772. 13772. 13772. 13772. 13772. 13772. 13772.
 13772. 13772. 13772. 13772. 13772. 13772. 13772. 13772. 13772. 13772.
 13772. 13772. 13772. 13772. 13772. 13772. 13772. 13772. 13772. 13772.
 13772. 13772. 13772. 13772. 13772. 13772. 13772. 13772. 13772. 13772.
 13772. 13772. 13772. 13772. 13772. 13772. 13772. 13772. 13772. 13772.
 13772. 13772. 13772. 13772. 13772. 13772. 13772. 13772. 13771. 13771.
 13771. 13771. 13771. 13771. 13771. 13771. 13770. 13770. 13770. 13769.
 13769. 13768. 13768. 13768. 13767. 13766. 13766. 13765. 13765. 13765.
 13765. 13765. 13765. 13763. 13763. 13763. 13761. 13761. 13761. 13760.
 13760. 13760. 13760. 13760. 13757. 13757. 13757. 13757. 13755. 13755.
 13747. 13747. 13747. 13745. 13744. 13743. 13742. 13742. 13742. 13742.
 13742. 13737. 13737. 13737. 13737. 13737. 13737. 13737. 13736.]",0,
17,17,"[13772. 13772. 13772. 13772. 13772. 13772. 13772. 13772. 13772. 13772.
 13772. 13772. 13772. 13772. 13772. 13772. 13772. 13772. 13772. 13772.
 13772. 13772. 13772. 13772. 13772. 13772. 13772. 13772. 13772. 13772.
 13772. 13772. 13772. 13772. 13772. 13772. 13772. 13772. 13772. 13772.
 13772. 13772. 13772. 13772. 13772. 13772. 13772. 13772. 13772. 13772.
 13772. 13772. 13772. 13772. 13772. 13772. 13772. 13772. 13772. 13772.
 13772. 13772. 13772. 13772. 13772. 13772. 13772. 13772. 13771. 13771.
 13771. 13771. 13771. 13771. 13771. 13771. 13770. 13770. 13770. 13769.
 13769. 13768. 13768. 13768. 13767. 13766. 13766. 13765. 13765. 13765.
 13765. 13765. 13765. 13763. 13763. 13763. 13761. 13761. 13761. 13760.
 13760. 13760. 13760. 13760. 13757. 13757. 13757. 13757. 13755. 13755.
 13747. 13747. 13747. 13745. 13744. 13743. 13742. 13742. 13742. 13742.
 13742. 13737. 13737. 13737. 13737. 13737. 13737. 13737. 13736.]",0,
18,18,"[13772. 13772. 13772. 13772. 13772. 13772. 13772. 13772. 13772. 13772.
 13772. 13772. 13772. 13772. 13772. 13772. 13772. 13772. 13772. 13772.
 13772. 13772. 13772. 13772. 13772. 13772. 13772. 13772. 13772. 13772.
 13772. 13772. 13772. 13772. 13772. 13772. 13772. 13772. 13772. 13772.
 13772. 13772. 13772. 13772. 13772. 13772. 13772. 13772. 13772. 13772.
 13772. 13772. 13772. 13772. 13772. 13772. 13772. 13772. 13772. 13772.
 13772. 13772. 13772. 13772. 13772. 13772. 13772. 13772. 13771. 13771.
 13771. 13771. 13771. 13771. 13771. 13771. 13770. 13770. 13770. 13769.
 13769. 13768. 13768. 13768. 13767. 13766. 13766. 13765. 13765. 13765.
 13765. 13765. 13765. 13763. 13763. 13763. 13761. 13761. 13761. 13760.
 13760. 13760. 13760. 13760. 13757. 13757. 13757. 13757. 13755. 13755.
 13747. 13747. 13747. 13745. 13744. 13743. 13742. 13742. 13742. 13742.
 13742. 13737. 13737. 13737. 13737. 13737. 13737. 13737. 13736.]",0,
19,19,"[13772. 13772. 13772. 13772. 13772. 13772. 13772. 13772. 13772. 13772.
 13772. 13772. 13772. 13772. 13772. 13772. 13772. 13772. 13772. 13772.
 13772. 13772. 13772. 13772. 13772. 13772. 13772. 13772. 13772. 13772.
 13772. 13772. 13772. 13772. 13772. 13772. 13772. 13772. 13772. 13772.
 13772. 13772. 13772. 13772. 13772. 13772. 13772. 13772. 13772. 13772.
 13772. 13772. 13772. 13772. 13772. 13772. 13772. 13772. 13772. 13772.
 13772. 13772. 13772. 13772. 13772. 13772. 13772. 13772. 13771. 13771.
 13771. 13771. 13771. 13771. 13771. 13771. 13770. 13770. 13770. 13769.
 13769. 13768. 13768. 13768. 13767. 13766. 13766. 13765. 13765. 13765.
 13765. 13765. 13765. 13763. 13763. 13763. 13761. 13761. 13761. 13760.
 13760. 13760. 13760. 13760. 13757. 13757. 13757. 13757. 13755. 13755.
 13747. 13747. 13747. 13745. 13744. 13743. 13742. 13742. 13742. 13742.
 13742. 13737. 13737. 13737. 13737. 13737. 13737. 13737. 13736.]",0,
20,20,"[13772. 13772. 13772. 13772. 13772. 13772. 13772. 13772. 13772. 13772.
 13772. 13772. 13772. 13772. 13772. 13772. 13772. 13772. 13772. 13772.
 13772. 13772. 13772. 13772. 13772. 13772. 13772. 13772. 13772. 13772.
 13772. 13772. 13772. 13772. 13772. 13772. 13772. 13772. 13772. 13772.
 13772. 13772. 13772. 13772. 13772. 13772. 13772. 13772. 13772. 13772.
 13772. 13772. 13772. 13772. 13772. 13772. 13772. 13772. 13772. 13772.
 13772. 13772. 13772. 13772. 13772. 13772. 13772. 13772. 13771. 13771.
 13771. 13771. 13771. 13771. 13771. 13771. 13770. 13770. 13770. 13769.
 13769. 13768. 13768. 13768. 13767. 13766. 13766. 13765. 13765. 13765.
 13765. 13765. 13765. 13763. 13763. 13763. 13761. 13761. 13761. 13760.
 13760. 13760. 13760. 13760. 13757. 13757. 13757. 13757. 13755. 13755.
 13747. 13747. 13747. 13745. 13744. 13743. 13742. 13742. 13742. 13742.
 13742. 13737. 13737. 13737. 13737. 13737. 13737. 13737. 13736.]",0,
21,21,"[13772. 13772. 13772. 13772. 13772. 13772. 13772. 13772. 13772. 13772.
 13772. 13772. 13772. 13772. 13772. 13772. 13772. 13772. 13772. 13772.
 13772. 13772. 13772. 13772. 13772. 13772. 13772. 13772. 13772. 13772.
 13772. 13772. 13772. 13772. 13772. 13772. 13772. 13772. 13772. 13772.
 13772. 13772. 13772. 13772. 13772. 13772. 13772. 13772. 13772. 13772.
 13772. 13772. 13772. 13772. 13772. 13772. 13772. 13772. 13772. 13772.
 13772. 13772. 13772. 13772. 13772. 13772. 13772. 13772. 13771. 13771.
 13771. 13771. 13771. 13771. 13771. 13771. 13770. 13770. 13770. 13769.
 13769. 13768. 13768. 13768. 13767. 13766. 13766. 13765. 13765. 13765.
 13765. 13765. 13765. 13763. 13763. 13763. 13761. 13761. 13761. 13760.
 13760. 13760. 13760. 13760. 13757. 13757. 13757. 13757. 13755. 13755.
 13747. 13747. 13747. 13745. 13744. 13743. 13742. 13742. 13742. 13742.
 13742. 13737. 13737. 13737. 13737. 13737. 13737. 13737. 13736.]",0,
22,22,"[13772. 13772. 13772. 13772. 13772. 13772. 13772. 13772. 13772. 13772.
 13772. 13772. 13772. 13772. 13772. 13772. 13772. 13772. 13772. 13772.
 13772. 13772. 13772. 13772. 13772. 13772. 13772. 13772. 13772. 13772.
 13772. 13772. 13772. 13772. 13772. 13772. 13772. 13772. 13772. 13772.
 13772. 13772. 13772. 13772. 13772. 13772. 13772. 13772. 13772. 13772.
 13772. 13772. 13772. 13772. 13772. 13772. 13772. 13772. 13772. 13772.
 13772. 13772. 13772. 13772. 13772. 13772. 13772. 13772. 13771. 13771.
 13771. 13771. 13771. 13771. 13771. 13771. 13770. 13770. 13770. 13769.
 13769. 13768. 13768. 13768. 13767. 13766. 13766. 13765. 13765. 13765.
 13765. 13765. 13765. 13763. 13763. 13763. 13761. 13761. 13761. 13760.
 13760. 13760. 13760. 13760. 13757. 13757. 13757. 13757. 13755. 13755.
 13747. 13747. 13747. 13745. 13744. 13743. 13742. 13742. 13742. 13742.
 13742. 13737. 13737. 13737. 13737. 13737. 13737. 13737. 13736.]",0,
23,23,"[13772. 13772. 13772. 13772. 13772. 13772. 13772. 13772. 13772. 13772.
 13772. 13772. 13772. 13772. 13772. 13772. 13772. 13772. 13772. 13772.
 13772. 13772. 13772. 13772. 13772. 13772. 13772. 13772. 13772. 13772.
 13772. 13772. 13772. 13772. 13772. 13772. 13772. 13772. 13772. 13772.
 13772. 13772. 13772. 13772. 13772. 13772. 13772. 13772. 13772. 13772.
 13772. 13772. 13772. 13772. 13772. 13772. 13772. 13772. 13772. 13772.
 13772. 13772. 13772. 13772. 13772. 13772. 13772. 13772. 13771. 13771.
 13771. 13771. 13771. 13771. 13771. 13771. 13770. 13770. 13770. 13769.
 13769. 13768. 13768. 13768. 13767. 13766. 13766. 13765. 13765. 13765.
 13765. 13765. 13765. 13763. 13763. 13763. 13761. 13761. 13761. 13760.
 13760. 13760. 13760. 13760. 13757. 13757. 13757. 13757. 13755. 13755.
 13747. 13747. 13747. 13745. 13744. 13743. 13742. 13742. 13742. 13742.
 13742. 13737. 13737. 13737. 13737. 13737. 13737. 13737. 13736.]",0,
24,24,"[13772. 13772. 13772. 13772. 13772. 13772. 13772. 13772. 13772. 13772.
 13772. 13772. 13772. 13772. 13772. 13772. 13772. 13772. 13772. 13772.
 13772. 13772. 13772. 13772. 13772. 13772. 13772. 13772. 13772. 13772.
 13772. 13772. 13772. 13772. 13772. 13772. 13772. 13772. 13772. 13772.
 13772. 13772. 13772. 13772. 13772. 13772. 13772. 13772. 13772. 13772.
 13772. 13772. 13772. 13772. 13772. 13772. 13772. 13772. 13772. 13772.
 13772. 13772. 13772. 13772. 13772. 13772. 13772. 13772. 13771. 13771.
 13771. 13771. 13771. 13771. 13771. 13771. 13770. 13770. 13770. 13769.
 13769. 13768. 13768. 13768. 13767. 13766. 13766. 13765. 13765. 13765.
 13765. 13765. 13765. 13763. 13763. 13763. 13761. 13761. 13761. 13760.
 13760. 13760. 13760. 13760. 13757. 13757. 13757. 13757. 13755. 13755.
 13747. 13747. 13747. 13745. 13744. 13743. 13742. 13742. 13742. 13742.
 13742. 13737. 13737. 13737. 13737. 13737. 13737. 13737. 13736.]",0,
25,25,"[13772. 13772. 13772. 13772. 13772. 13772. 13772. 13772. 13772. 13772.
 13772. 13772. 13772. 13772. 13772. 13772. 13772. 13772. 13772. 13772.
 13772. 13772. 13772. 13772. 13772. 13772. 13772. 13772. 13772. 13772.
 13772. 13772. 13772. 13772. 13772. 13772. 13772. 13772. 13772. 13772.
 13772. 13772. 13772. 13772. 13772. 13772. 13772. 13772. 13772. 13772.
 13772. 13772. 13772. 13772. 13772. 13772. 13772. 13772. 13772. 13772.
 13772. 13772. 13772. 13772. 13772. 13772. 13772. 13772. 13771. 13771.
 13771. 13771. 13771. 13771. 13771. 13771. 13770. 13770. 13770. 13769.
 13769. 13768. 13768. 13768. 13767. 13766. 13766. 13765. 13765. 13765.
 13765. 13765. 13765. 13763. 13763. 13763. 13761. 13761. 13761. 13760.
 13760. 13760. 13760. 13760. 13757. 13757. 13757. 13757. 13755. 13755.
 13747. 13747. 13747. 13745. 13744. 13743. 13742. 13742. 13742. 13742.
 13742. 13737. 13737. 13737. 13737. 13737. 13737. 13737. 13736.]",0,
26,26,"[13772. 13772. 13772. 13772. 13772. 13772. 13772. 13772. 13772. 13772.
 13772. 13772. 13772. 13772. 13772. 13772. 13772. 13772. 13772. 13772.
 13772. 13772. 13772. 13772. 13772. 13772. 13772. 13772. 13772. 13772.
 13772. 13772. 13772. 13772. 13772. 13772. 13772. 13772. 13772. 13772.
 13772. 13772. 13772. 13772. 13772. 13772. 13772. 13772. 13772. 13772.
 13772. 13772. 13772. 13772. 13772. 13772. 13772. 13772. 13772. 13772.
 13772. 13772. 13772. 13772. 13772. 13772. 13772. 13772. 13771. 13771.
 13771. 13771. 13771. 13771. 13771. 13771. 13770. 13770. 13770. 13769.
 13769. 13768. 13768. 13768. 13767. 13766. 13766. 13765. 13765. 13765.
 13765. 13765. 13765. 13763. 13763. 13763. 13761. 13761. 13761. 13760.
 13760. 13760. 13760. 13760. 13757. 13757. 13757. 13757. 13755. 13755.
 13747. 13747. 13747. 13745. 13744. 13743. 13742. 13742. 13742. 13742.
 13742. 13737. 13737. 13737. 13737. 13737. 13737. 13737. 13736.]",0,
27,27,"[13772. 13772. 13772. 13772. 13772. 13772. 13772. 13772. 13772. 13772.
 13772. 13772. 13772. 13772. 13772. 13772. 13772. 13772. 13772. 13772.
 13772. 13772. 13772. 13772. 13772. 13772. 13772. 13772. 13772. 13772.
 13772. 13772. 13772. 13772. 13772. 13772. 13772. 13772. 13772. 13772.
 13772. 13772. 13772. 13772. 13772. 13772. 13772. 13772. 13772. 13772.
 13772. 13772. 13772. 13772. 13772. 13772. 13772. 13772. 13772. 13772.
 13772. 13772. 13772. 13772. 13772. 13772. 13772. 13772. 13771. 13771.
 13771. 13771. 13771. 13771. 13771. 13771. 13770. 13770. 13770. 13769.
 13769. 13768. 13768. 13768. 13767. 13766. 13766. 13765. 13765. 13765.
 13765. 13765. 13765. 13763. 13763. 13763. 13761. 13761. 13761. 13760.
 13760. 13760. 13760. 13760. 13757. 13757. 13757. 13757. 13755. 13755.
 13747. 13747. 13747. 13745. 13744. 13743. 13742. 13742. 13742. 13742.
 13742. 13737. 13737. 13737. 13737. 13737. 13737. 13737. 13736.]",0,
28,28,"[13772. 13772. 13772. 13772. 13772. 13772. 13772. 13772. 13772. 13772.
 13772. 13772. 13772. 13772. 13772. 13772. 13772. 13772. 13772. 13772.
 13772. 13772. 13772. 13772. 13772. 13772. 13772. 13772. 13772. 13772.
 13772. 13772. 13772. 13772. 13772. 13772. 13772. 13772. 13772. 13772.
 13772. 13772. 13772. 13772. 13772. 13772. 13772. 13772. 13772. 13772.
 13772. 13772. 13772. 13772. 13772. 13772. 13772. 13772. 13772. 13772.
 13772. 13772. 13772. 13772. 13772. 13772. 13772. 13772. 13771. 13771.
 13771. 13771. 13771. 13771. 13771. 13771. 13770. 13770. 13770. 13769.
 13769. 13768. 13768. 13768. 13767. 13766. 13766. 13765. 13765. 13765.
 13765. 13765. 13765. 13763. 13763. 13763. 13761. 13761. 13761. 13760.
 13760. 13760. 13760. 13760. 13757. 13757. 13757. 13757. 13755. 13755.
 13747. 13747. 13747. 13745. 13744. 13743. 13742. 13742. 13742. 13742.
 13742. 13737. 13737. 13737. 13737. 13737. 13737. 13737. 13736.]",0,
29,29,"[13772. 13772. 13772. 13772. 13772. 13772. 13772. 13772. 13772. 13772.
 13772. 13772. 13772. 13772. 13772. 13772. 13772. 13772. 13772. 13772.
 13772. 13772. 13772. 13772. 13772. 13772. 13772. 13772. 13772. 13772.
 13772. 13772. 13772. 13772. 13772. 13772. 13772. 13772. 13772. 13772.
 13772. 13772. 13772. 13772. 13772. 13772. 13772. 13772. 13772. 13772.
 13772. 13772. 13772. 13772. 13772. 13772. 13772. 13772. 13772. 13772.
 13772. 13772. 13772. 13772. 13772. 13772. 13772. 13772. 13771. 13771.
 13771. 13771. 13771. 13771. 13771. 13771. 13770. 13770. 13770. 13769.
 13769. 13768. 13768. 13768. 13767. 13766. 13766. 13765. 13765. 13765.
 13765. 13765. 13765. 13763. 13763. 13763. 13761. 13761. 13761. 13760.
 13760. 13760. 13760. 13760. 13757. 13757. 13757. 13757. 13755. 13755.
 13747. 13747. 13747. 13745. 13744. 13743. 13742. 13742. 13742. 13742.
 13742. 13737. 13737. 13737. 13737. 13737. 13737. 13737. 13736.]",0,
30,30,"[13772. 13772. 13772. 13772. 13772. 13772. 13772. 13772. 13772. 13772.
 13772. 13772. 13772. 13772. 13772. 13772. 13772. 13772. 13772. 13772.
 13772. 13772. 13772. 13772. 13772. 13772. 13772. 13772. 13772. 13772.
 13772. 13772. 13772. 13772. 13772. 13772. 13772. 13772. 13772. 13772.
 13772. 13772. 13772. 13772. 13772. 13772. 13772. 13772. 13772. 13772.
 13772. 13772. 13772. 13772. 13772. 13772. 13772. 13772. 13772. 13772.
 13772. 13772. 13772. 13772. 13772. 13772. 13772. 13772. 13771. 13771.
 13771. 13771. 13771. 13771. 13771. 13771. 13770. 13770. 13770. 13769.
 13769. 13768. 13768. 13768. 13767. 13766. 13766. 13765. 13765. 13765.
 13765. 13765. 13765. 13763. 13763. 13763. 13761. 13761. 13761. 13760.
 13760. 13760. 13760. 13760. 13757. 13757. 13757. 13757. 13755. 13755.
 13747. 13747. 13747. 13745. 13744. 13743. 13742. 13742. 13742. 13742.
 13742. 13737. 13737. 13737. 13737. 13737. 13737. 13737. 13736.]",0,
31,31,"[13772. 13772. 13772. 13772. 13772. 13772. 13772. 13772. 13772. 13772.
 13772. 13772. 13772. 13772. 13772. 13772. 13772. 13772. 13772. 13772.
 13772. 13772. 13772. 13772. 13772. 13772. 13772. 13772. 13772. 13772.
 13772. 13772. 13772. 13772. 13772. 13772. 13772. 13772. 13772. 13772.
 13772. 13772. 13772. 13772. 13772. 13772. 13772. 13772. 13772. 13772.
 13772. 13772. 13772. 13772. 13772. 13772. 13772. 13772. 13772. 13772.
 13772. 13772. 13772. 13772. 13772. 13772. 13772. 13772. 13771. 13771.
 13771. 13771. 13771. 13771. 13771. 13771. 13770. 13770. 13770. 13769.
 13769. 13768. 13768. 13768. 13767. 13766. 13766. 13765. 13765. 13765.
 13765. 13765. 13765. 13763. 13763. 13763. 13761. 13761. 13761. 13760.
 13760. 13760. 13760. 13760. 13757. 13757. 13757. 13757. 13755. 13755.
 13747. 13747. 13747. 13745. 13744. 13743. 13742. 13742. 13742. 13742.
 13742. 13737. 13737. 13737. 13737. 13737. 13737. 13737. 13736.]",0,
32,32,"[13772. 13772. 13772. 13772. 13772. 13772. 13772. 13772. 13772. 13772.
 13772. 13772. 13772. 13772. 13772. 13772. 13772. 13772. 13772. 13772.
 13772. 13772. 13772. 13772. 13772. 13772. 13772. 13772. 13772. 13772.
 13772. 13772. 13772. 13772. 13772. 13772. 13772. 13772. 13772. 13772.
 13772. 13772. 13772. 13772. 13772. 13772. 13772. 13772. 13772. 13772.
 13772. 13772. 13772. 13772. 13772. 13772. 13772. 13772. 13772. 13772.
 13772. 13772. 13772. 13772. 13772. 13772. 13772. 13772. 13771. 13771.
 13771. 13771. 13771. 13771. 13771. 13771. 13770. 13770. 13770. 13769.
 13769. 13768. 13768. 13768. 13767. 13766. 13766. 13765. 13765. 13765.
 13765. 13765. 13765. 13763. 13763. 13763. 13761. 13761. 13761. 13760.
 13760. 13760. 13760. 13760. 13757. 13757. 13757. 13757. 13755. 13755.
 13747. 13747. 13747. 13745. 13744. 13743. 13742. 13742. 13742. 13742.
 13742. 13737. 13737. 13737. 13737. 13737. 13737. 13737. 13736.]",0,
33,33,"[13772. 13772. 13772. 13772. 13772. 13772. 13772. 13772. 13772. 13772.
 13772. 13772. 13772. 13772. 13772. 13772. 13772. 13772. 13772. 13772.
 13772. 13772. 13772. 13772. 13772. 13772. 13772. 13772. 13772. 13772.
 13772. 13772. 13772. 13772. 13772. 13772. 13772. 13772. 13772. 13772.
 13772. 13772. 13772. 13772. 13772. 13772. 13772. 13772. 13772. 13772.
 13772. 13772. 13772. 13772. 13772. 13772. 13772. 13772. 13772. 13772.
 13772. 13772. 13772. 13772. 13772. 13772. 13772. 13772. 13771. 13771.
 13771. 13771. 13771. 13771. 13771. 13771. 13770. 13770. 13770. 13769.
 13769. 13768. 13768. 13768. 13767. 13766. 13766. 13765. 13765. 13765.
 13765. 13765. 13765. 13763. 13763. 13763. 13761. 13761. 13761. 13760.
 13760. 13760. 13760. 13760. 13757. 13757. 13757. 13757. 13755. 13755.
 13747. 13747. 13747. 13745. 13744. 13743. 13742. 13742. 13742. 13742.
 13742. 13737. 13737. 13737. 13737. 13737. 13737. 13737. 13736.]",0,
34,34,"[13772. 13772. 13772. 13772. 13772. 13772. 13772. 13772. 13772. 13772.
 13772. 13772. 13772. 13772. 13772. 13772. 13772. 13772. 13772. 13772.
 13772. 13772. 13772. 13772. 13772. 13772. 13772. 13772. 13772. 13772.
 13772. 13772. 13772. 13772. 13772. 13772. 13772. 13772. 13772. 13772.
 13772. 13772. 13772. 13772. 13772. 13772. 13772. 13772. 13772. 13772.
 13772. 13772. 13772. 13772. 13772. 13772. 13772. 13772. 13772. 13772.
 13772. 13772. 13772. 13772. 13772. 13772. 13772. 13772. 13771. 13771.
 13771. 13771. 13771. 13771. 13771. 13771. 13770. 13770. 13770. 13769.
 13769. 13768. 13768. 13768. 13767. 13766. 13766. 13765. 13765. 13765.
 13765. 13765. 13765. 13763. 13763. 13763. 13761. 13761. 13761. 13760.
 13760. 13760. 13760. 13760. 13757. 13757. 13757. 13757. 13755. 13755.
 13747. 13747. 13747. 13745. 13744. 13743. 13742. 13742. 13742. 13742.
 13742. 13737. 13737. 13737. 13737. 13737. 13737. 13737. 13736.]",0,
35,35,"[13772. 13772. 13772. 13772. 13772. 13772. 13772. 13772. 13772. 13772.
 13772. 13772. 13772. 13772. 13772. 13772. 13772. 13772. 13772. 13772.
 13772. 13772. 13772. 13772. 13772. 13772. 13772. 13772. 13772. 13772.
 13772. 13772. 13772. 13772. 13772. 13772. 13772. 13772. 13772. 13772.
 13772. 13772. 13772. 13772. 13772. 13772. 13772. 13772. 13772. 13772.
 13772. 13772. 13772. 13772. 13772. 13772. 13772. 13772. 13772. 13772.
 13772. 13772. 13772. 13772. 13772. 13772. 13772. 13772. 13771. 13771.
 13771. 13771. 13771. 13771. 13771. 13771. 13770. 13770. 13770. 13769.
 13769. 13768. 13768. 13768. 13767. 13766. 13766. 13765. 13765. 13765.
 13765. 13765. 13765. 13763. 13763. 13763. 13761. 13761. 13761. 13760.
 13760. 13760. 13760. 13760. 13757. 13757. 13757. 13757. 13755. 13755.
 13747. 13747. 13747. 13745. 13744. 13743. 13742. 13742. 13742. 13742.
 13742. 13737. 13737. 13737. 13737. 13737. 13737. 13737. 13736.]",0,
36,36,"[13772. 13772. 13772. 13772. 13772. 13772. 13772. 13772. 13772. 13772.
 13772. 13772. 13772. 13772. 13772. 13772. 13772. 13772. 13772. 13772.
 13772. 13772. 13772. 13772. 13772. 13772. 13772. 13772. 13772. 13772.
 13772. 13772. 13772. 13772. 13772. 13772. 13772. 13772. 13772. 13772.
 13772. 13772. 13772. 13772. 13772. 13772. 13772. 13772. 13772. 13772.
 13772. 13772. 13772. 13772. 13772. 13772. 13772. 13772. 13772. 13772.
 13772. 13772. 13772. 13772. 13772. 13772. 13772. 13772. 13771. 13771.
 13771. 13771. 13771. 13771. 13771. 13771. 13770. 13770. 13770. 13769.
 13769. 13768. 13768. 13768. 13767. 13766. 13766. 13765. 13765. 13765.
 13765. 13765. 13765. 13763. 13763. 13763. 13761. 13761. 13761. 13760.
 13760. 13760. 13760. 13760. 13757. 13757. 13757. 13757. 13755. 13755.
 13747. 13747. 13747. 13745. 13744. 13743. 13742. 13742. 13742. 13742.
 13742. 13737. 13737. 13737. 13737. 13737. 13737. 13737. 13736.]",0,
37,37,"[13772. 13772. 13772. 13772. 13772. 13772. 13772. 13772. 13772. 13772.
 13772. 13772. 13772. 13772. 13772. 13772. 13772. 13772. 13772. 13772.
 13772. 13772. 13772. 13772. 13772. 13772. 13772. 13772. 13772. 13772.
 13772. 13772. 13772. 13772. 13772. 13772. 13772. 13772. 13772. 13772.
 13772. 13772. 13772. 13772. 13772. 13772. 13772. 13772. 13772. 13772.
 13772. 13772. 13772. 13772. 13772. 13772. 13772. 13772. 13772. 13772.
 13772. 13772. 13772. 13772. 13772. 13772. 13772. 13772. 13771. 13771.
 13771. 13771. 13771. 13771. 13771. 13771. 13770. 13770. 13770. 13769.
 13769. 13768. 13768. 13768. 13767. 13766. 13766. 13765. 13765. 13765.
 13765. 13765. 13765. 13763. 13763. 13763. 13761. 13761. 13761. 13760.
 13760. 13760. 13760. 13760. 13757. 13757. 13757. 13757. 13755. 13755.
 13747. 13747. 13747. 13745. 13744. 13743. 13742. 13742. 13742. 13742.
 13742. 13737. 13737. 13737. 13737. 13737. 13737. 13737. 13736.]",0,
38,38,"[13772. 13772. 13772. 13772. 13772. 13772. 13772. 13772. 13772. 13772.
 13772. 13772. 13772. 13772. 13772. 13772. 13772. 13772. 13772. 13772.
 13772. 13772. 13772. 13772. 13772. 13772. 13772. 13772. 13772. 13772.
 13772. 13772. 13772. 13772. 13772. 13772. 13772. 13772. 13772. 13772.
 13772. 13772. 13772. 13772. 13772. 13772. 13772. 13772. 13772. 13772.
 13772. 13772. 13772. 13772. 13772. 13772. 13772. 13772. 13772. 13772.
 13772. 13772. 13772. 13772. 13772. 13772. 13772. 13772. 13771. 13771.
 13771. 13771. 13771. 13771. 13771. 13771. 13770. 13770. 13770. 13769.
 13769. 13768. 13768. 13768. 13767. 13766. 13766. 13765. 13765. 13765.
 13765. 13765. 13765. 13763. 13763. 13763. 13761. 13761. 13761. 13760.
 13760. 13760. 13760. 13760. 13757. 13757. 13757. 13757. 13755. 13755.
 13747. 13747. 13747. 13745. 13744. 13743. 13742. 13742. 13742. 13742.
 13742. 13737. 13737. 13737. 13737. 13737. 13737. 13737. 13736.]",0,
39,39,"[13772. 13772. 13772. 13772. 13772. 13772. 13772. 13772. 13772. 13772.
 13772. 13772. 13772. 13772. 13772. 13772. 13772. 13772. 13772. 13772.
 13772. 13772. 13772. 13772. 13772. 13772. 13772. 13772. 13772. 13772.
 13772. 13772. 13772. 13772. 13772. 13772. 13772. 13772. 13772. 13772.
 13772. 13772. 13772. 13772. 13772. 13772. 13772. 13772. 13772. 13772.
 13772. 13772. 13772. 13772. 13772. 13772. 13772. 13772. 13772. 13772.
 13772. 13772. 13772. 13772. 13772. 13772. 13772. 13772. 13771. 13771.
 13771. 13771. 13771. 13771. 13771. 13771. 13770. 13770. 13770. 13769.
 13769. 13768. 13768. 13768. 13767. 13766. 13766. 13765. 13765. 13765.
 13765. 13765. 13765. 13763. 13763. 13763. 13761. 13761. 13761. 13760.
 13760. 13760. 13760. 13760. 13757. 13757. 13757. 13757. 13755. 13755.
 13747. 13747. 13747. 13745. 13744. 13743. 13742. 13742. 13742. 13742.
 13742. 13737. 13737. 13737. 13737. 13737. 13737. 13737. 13736.]",0,
40,40,"[13772. 13772. 13772. 13772. 13772. 13772. 13772. 13772. 13772. 13772.
 13772. 13772. 13772. 13772. 13772. 13772. 13772. 13772. 13772. 13772.
 13772. 13772. 13772. 13772. 13772. 13772. 13772. 13772. 13772. 13772.
 13772. 13772. 13772. 13772. 13772. 13772. 13772. 13772. 13772. 13772.
 13772. 13772. 13772. 13772. 13772. 13772. 13772. 13772. 13772. 13772.
 13772. 13772. 13772. 13772. 13772. 13772. 13772. 13772. 13772. 13772.
 13772. 13772. 13772. 13772. 13772. 13772. 13772. 13772. 13771. 13771.
 13771. 13771. 13771. 13771. 13771. 13771. 13770. 13770. 13770. 13769.
 13769. 13768. 13768. 13768. 13767. 13766. 13766. 13765. 13765. 13765.
 13765. 13765. 13765. 13763. 13763. 13763. 13761. 13761. 13761. 13760.
 13760. 13760. 13760. 13760. 13757. 13757. 13757. 13757. 13755. 13755.
 13747. 13747. 13747. 13745. 13744. 13743. 13742. 13742. 13742. 13742.
 13742. 13737. 13737. 13737. 13737. 13737. 13737. 13737. 13736.]",0,
41,41,"[13772. 13772. 13772. 13772. 13772. 13772. 13772. 13772. 13772. 13772.
 13772. 13772. 13772. 13772. 13772. 13772. 13772. 13772. 13772. 13772.
 13772. 13772. 13772. 13772. 13772. 13772. 13772. 13772. 13772. 13772.
 13772. 13772. 13772. 13772. 13772. 13772. 13772. 13772. 13772. 13772.
 13772. 13772. 13772. 13772. 13772. 13772. 13772. 13772. 13772. 13772.
 13772. 13772. 13772. 13772. 13772. 13772. 13772. 13772. 13772. 13772.
 13772. 13772. 13772. 13772. 13772. 13772. 13772. 13772. 13771. 13771.
 13771. 13771. 13771. 13771. 13771. 13771. 13770. 13770. 13770. 13769.
 13769. 13768. 13768. 13768. 13767. 13766. 13766. 13765. 13765. 13765.
 13765. 13765. 13765. 13763. 13763. 13763. 13761. 13761. 13761. 13760.
 13760. 13760. 13760. 13760. 13757. 13757. 13757. 13757. 13755. 13755.
 13747. 13747. 13747. 13745. 13744. 13743. 13742. 13742. 13742. 13742.
 13742. 13737. 13737. 13737. 13737. 13737. 13737. 13737. 13736.]",0,
42,42,"[13772. 13772. 13772. 13772. 13772. 13772. 13772. 13772. 13772. 13772.
 13772. 13772. 13772. 13772. 13772. 13772. 13772. 13772. 13772. 13772.
 13772. 13772. 13772. 13772. 13772. 13772. 13772. 13772. 13772. 13772.
 13772. 13772. 13772. 13772. 13772. 13772. 13772. 13772. 13772. 13772.
 13772. 13772. 13772. 13772. 13772. 13772. 13772. 13772. 13772. 13772.
 13772. 13772. 13772. 13772. 13772. 13772. 13772. 13772. 13772. 13772.
 13772. 13772. 13772. 13772. 13772. 13772. 13772. 13772. 13771. 13771.
 13771. 13771. 13771. 13771. 13771. 13771. 13770. 13770. 13770. 13769.
 13769. 13768. 13768. 13768. 13767. 13766. 13766. 13765. 13765. 13765.
 13765. 13765. 13765. 13763. 13763. 13763. 13761. 13761. 13761. 13760.
 13760. 13760. 13760. 13760. 13757. 13757. 13757. 13757. 13755. 13755.
 13747. 13747. 13747. 13745. 13744. 13743. 13742. 13742. 13742. 13742.
 13742. 13737. 13737. 13737. 13737. 13737. 13737. 13737. 13736.]",0,
43,43,"[13772. 13772. 13772. 13772. 13772. 13772. 13772. 13772. 13772. 13772.
 13772. 13772. 13772. 13772. 13772. 13772. 13772. 13772. 13772. 13772.
 13772. 13772. 13772. 13772. 13772. 13772. 13772. 13772. 13772. 13772.
 13772. 13772. 13772. 13772. 13772. 13772. 13772. 13772. 13772. 13772.
 13772. 13772. 13772. 13772. 13772. 13772. 13772. 13772. 13772. 13772.
 13772. 13772. 13772. 13772. 13772. 13772. 13772. 13772. 13772. 13772.
 13772. 13772. 13772. 13772. 13772. 13772. 13772. 13772. 13771. 13771.
 13771. 13771. 13771. 13771. 13771. 13771. 13770. 13770. 13770. 13769.
 13769. 13768. 13768. 13768. 13767. 13766. 13766. 13765. 13765. 13765.
 13765. 13765. 13765. 13763. 13763. 13763. 13761. 13761. 13761. 13760.
 13760. 13760. 13760. 13760. 13757. 13757. 13757. 13757. 13755. 13755.
 13747. 13747. 13747. 13745. 13744. 13743. 13742. 13742. 13742. 13742.
 13742. 13737. 13737. 13737. 13737. 13737. 13737. 13737. 13736.]",0,
44,44,"[13772. 13772. 13772. 13772. 13772. 13772. 13772. 13772. 13772. 13772.
 13772. 13772. 13772. 13772. 13772. 13772. 13772. 13772. 13772. 13772.
 13772. 13772. 13772. 13772. 13772. 13772. 13772. 13772. 13772. 13772.
 13772. 13772. 13772. 13772. 13772. 13772. 13772. 13772. 13772. 13772.
 13772. 13772. 13772. 13772. 13772. 13772. 13772. 13772. 13772. 13772.
 13772. 13772. 13772. 13772. 13772. 13772. 13772. 13772. 13772. 13772.
 13772. 13772. 13772. 13772. 13772. 13772. 13772. 13772. 13771. 13771.
 13771. 13771. 13771. 13771. 13771. 13771. 13770. 13770. 13770. 13769.
 13769. 13768. 13768. 13768. 13767. 13766. 13766. 13765. 13765. 13765.
 13765. 13765. 13765. 13763. 13763. 13763. 13761. 13761. 13761. 13760.
 13760. 13760. 13760. 13760. 13757. 13757. 13757. 13757. 13755. 13755.
 13747. 13747. 13747. 13745. 13744. 13743. 13742. 13742. 13742. 13742.
 13742. 13737. 13737. 13737. 13737. 13737. 13737. 13737. 13736.]",0,
45,45,"[13772. 13772. 13772. 13772. 13772. 13772. 13772. 13772. 13772. 13772.
 13772. 13772. 13772. 13772. 13772. 13772. 13772. 13772. 13772. 13772.
 13772. 13772. 13772. 13772. 13772. 13772. 13772. 13772. 13772. 13772.
 13772. 13772. 13772. 13772. 13772. 13772. 13772. 13772. 13772. 13772.
 13772. 13772. 13772. 13772. 13772. 13772. 13772. 13772. 13772. 13772.
 13772. 13772. 13772. 13772. 13772. 13772. 13772. 13772. 13772. 13772.
 13772. 13772. 13772. 13772. 13772. 13772. 13772. 13772. 13771. 13771.
 13771. 13771. 13771. 13771. 13771. 13771. 13770. 13770. 13770. 13769.
 13769. 13768. 13768. 13768. 13767. 13766. 13766. 13765. 13765. 13765.
 13765. 13765. 13765. 13763. 13763. 13763. 13761. 13761. 13761. 13760.
 13760. 13760. 13760. 13760. 13757. 13757. 13757. 13757. 13755. 13755.
 13747. 13747. 13747. 13745. 13744. 13743. 13742. 13742. 13742. 13742.
 13742. 13737. 13737. 13737. 13737. 13737. 13737. 13737. 13736.]",0,
46,46,"[13772. 13772. 13772. 13772. 13772. 13772. 13772. 13772. 13772. 13772.
 13772. 13772. 13772. 13772. 13772. 13772. 13772. 13772. 13772. 13772.
 13772. 13772. 13772. 13772. 13772. 13772. 13772. 13772. 13772. 13772.
 13772. 13772. 13772. 13772. 13772. 13772. 13772. 13772. 13772. 13772.
 13772. 13772. 13772. 13772. 13772. 13772. 13772. 13772. 13772. 13772.
 13772. 13772. 13772. 13772. 13772. 13772. 13772. 13772. 13772. 13772.
 13772. 13772. 13772. 13772. 13772. 13772. 13772. 13772. 13771. 13771.
 13771. 13771. 13771. 13771. 13771. 13771. 13770. 13770. 13770. 13769.
 13769. 13768. 13768. 13768. 13767. 13766. 13766. 13765. 13765. 13765.
 13765. 13765. 13765. 13763. 13763. 13763. 13761. 13761. 13761. 13760.
 13760. 13760. 13760. 13760. 13757. 13757. 13757. 13757. 13755. 13755.
 13747. 13747. 13747. 13745. 13744. 13743. 13742. 13742. 13742. 13742.
 13742. 13737. 13737. 13737. 13737. 13737. 13737. 13737. 13736.]",0,
47,47,"[13772. 13772. 13772. 13772. 13772. 13772. 13772. 13772. 13772. 13772.
 13772. 13772. 13772. 13772. 13772. 13772. 13772. 13772. 13772. 13772.
 13772. 13772. 13772. 13772. 13772. 13772. 13772. 13772. 13772. 13772.
 13772. 13772. 13772. 13772. 13772. 13772. 13772. 13772. 13772. 13772.
 13772. 13772. 13772. 13772. 13772. 13772. 13772. 13772. 13772. 13772.
 13772. 13772. 13772. 13772. 13772. 13772. 13772. 13772. 13772. 13772.
 13772. 13772. 13772. 13772. 13772. 13772. 13772. 13772. 13771. 13771.
 13771. 13771. 13771. 13771. 13771. 13771. 13770. 13770. 13770. 13769.
 13769. 13768. 13768. 13768. 13767. 13766. 13766. 13765. 13765. 13765.
 13765. 13765. 13765. 13763. 13763. 13763. 13761. 13761. 13761. 13760.
 13760. 13760. 13760. 13760. 13757. 13757. 13757. 13757. 13755. 13755.
 13747. 13747. 13747. 13745. 13744. 13743. 13742. 13742. 13742. 13742.
 13742. 13737. 13737. 13737. 13737. 13737. 13737. 13737. 13736.]",0,
48,48,"[13772. 13772. 13772. 13772. 13772. 13772. 13772. 13772. 13772. 13772.
 13772. 13772. 13772. 13772. 13772. 13772. 13772. 13772. 13772. 13772.
 13772. 13772. 13772. 13772. 13772. 13772. 13772. 13772. 13772. 13772.
 13772. 13772. 13772. 13772. 13772. 13772. 13772. 13772. 13772. 13772.
 13772. 13772. 13772. 13772. 13772. 13772. 13772. 13772. 13772. 13772.
 13772. 13772. 13772. 13772. 13772. 13772. 13772. 13772. 13772. 13772.
 13772. 13772. 13772. 13772. 13772. 13772. 13772. 13772. 13771. 13771.
 13771. 13771. 13771. 13771. 13771. 13771. 13770. 13770. 13770. 13769.
 13769. 13768. 13768. 13768. 13767. 13766. 13766. 13765. 13765. 13765.
 13765. 13765. 13765. 13763. 13763. 13763. 13761. 13761. 13761. 13760.
 13760. 13760. 13760. 13760. 13757. 13757. 13757. 13757. 13755. 13755.
 13747. 13747. 13747. 13745. 13744. 13743. 13742. 13742. 13742. 13742.
 13742. 13737. 13737. 13737. 13737. 13737. 13737. 13737. 13736.]",0,
49,49,"[13772. 13772. 13772. 13772. 13772. 13772. 13772. 13772. 13772. 13772.
 13772. 13772. 13772. 13772. 13772. 13772. 13772. 13772. 13772. 13772.
 13772. 13772. 13772. 13772. 13772. 13772. 13772. 13772. 13772. 13772.
 13772. 13772. 13772. 13772. 13772. 13772. 13772. 13772. 13772. 13772.
 13772. 13772. 13772. 13772. 13772. 13772. 13772. 13772. 13772. 13772.
 13772. 13772. 13772. 13772. 13772. 13772. 13772. 13772. 13772. 13772.
 13772. 13772. 13772. 13772. 13772. 13772. 13772. 13772. 13771. 13771.
 13771. 13771. 13771. 13771. 13771. 13771. 13770. 13770. 13770. 13769.
 13769. 13768. 13768. 13768. 13767. 13766. 13766. 13765. 13765. 13765.
 13765. 13765. 13765. 13763. 13763. 13763. 13761. 13761. 13761. 13760.
 13760. 13760. 13760. 13760. 13757. 13757. 13757. 13757. 13755. 13755.
 13747. 13747. 13747. 13745. 13744. 13743. 13742. 13742. 13742. 13742.
 13742. 13737. 13737. 13737. 13737. 13737. 13737. 13737. 13736.]",0,
50,50,"[13772. 13772. 13772. 13772. 13772. 13772. 13772. 13772. 13772. 13772.
 13772. 13772. 13772. 13772. 13772. 13772. 13772. 13772. 13772. 13772.
 13772. 13772. 13772. 13772. 13772. 13772. 13772. 13772. 13772. 13772.
 13772. 13772. 13772. 13772. 13772. 13772. 13772. 13772. 13772. 13772.
 13772. 13772. 13772. 13772. 13772. 13772. 13772. 13772. 13772. 13772.
 13772. 13772. 13772. 13772. 13772. 13772. 13772. 13772. 13772. 13772.
 13772. 13772. 13772. 13772. 13772. 13772. 13772. 13772. 13771. 13771.
 13771. 13771. 13771. 13771. 13771. 13771. 13770. 13770. 13770. 13769.
 13769. 13768. 13768. 13768. 13767. 13766. 13766. 13765. 13765. 13765.
 13765. 13765. 13765. 13763. 13763. 13763. 13761. 13761. 13761. 13760.
 13760. 13760. 13760. 13760. 13757. 13757. 13757. 13757. 13755. 13755.
 13747. 13747. 13747. 13745. 13744. 13743. 13742. 13742. 13742. 13742.
 13742. 13737. 13737. 13737. 13737. 13737. 13737. 13737. 13736.]",0,
51,51,"[13772. 13772. 13772. 13772. 13772. 13772. 13772. 13772. 13772. 13772.
 13772. 13772. 13772. 13772. 13772. 13772. 13772. 13772. 13772. 13772.
 13772. 13772. 13772. 13772. 13772. 13772. 13772. 13772. 13772. 13772.
 13772. 13772. 13772. 13772. 13772. 13772. 13772. 13772. 13772. 13772.
 13772. 13772. 13772. 13772. 13772. 13772. 13772. 13772. 13772. 13772.
 13772. 13772. 13772. 13772. 13772. 13772. 13772. 13772. 13772. 13772.
 13772. 13772. 13772. 13772. 13772. 13772. 13772. 13772. 13771. 13771.
 13771. 13771. 13771. 13771. 13771. 13771. 13770. 13770. 13770. 13769.
 13769. 13768. 13768. 13768. 13767. 13766. 13766. 13765. 13765. 13765.
 13765. 13765. 13765. 13763. 13763. 13763. 13761. 13761. 13761. 13760.
 13760. 13760. 13760. 13760. 13757. 13757. 13757. 13757. 13755. 13755.
 13747. 13747. 13747. 13745. 13744. 13743. 13742. 13742. 13742. 13742.
 13742. 13737. 13737. 13737. 13737. 13737. 13737. 13737. 13736.]",0,
52,52,"[13772. 13772. 13772. 13772. 13772. 13772. 13772. 13772. 13772. 13772.
 13772. 13772. 13772. 13772. 13772. 13772. 13772. 13772. 13772. 13772.
 13772. 13772. 13772. 13772. 13772. 13772. 13772. 13772. 13772. 13772.
 13772. 13772. 13772. 13772. 13772. 13772. 13772. 13772. 13772. 13772.
 13772. 13772. 13772. 13772. 13772. 13772. 13772. 13772. 13772. 13772.
 13772. 13772. 13772. 13772. 13772. 13772. 13772. 13772. 13772. 13772.
 13772. 13772. 13772. 13772. 13772. 13772. 13772. 13772. 13771. 13771.
 13771. 13771. 13771. 13771. 13771. 13771. 13770. 13770. 13770. 13769.
 13769. 13768. 13768. 13768. 13767. 13766. 13766. 13765. 13765. 13765.
 13765. 13765. 13765. 13763. 13763. 13763. 13761. 13761. 13761. 13760.
 13760. 13760. 13760. 13760. 13757. 13757. 13757. 13757. 13755. 13755.
 13747. 13747. 13747. 13745. 13744. 13743. 13742. 13742. 13742. 13742.
 13742. 13737. 13737. 13737. 13737. 13737. 13737. 13737. 13736.]",0,
53,53,"[13772. 13772. 13772. 13772. 13772. 13772. 13772. 13772. 13772. 13772.
 13772. 13772. 13772. 13772. 13772. 13772. 13772. 13772. 13772. 13772.
 13772. 13772. 13772. 13772. 13772. 13772. 13772. 13772. 13772. 13772.
 13772. 13772. 13772. 13772. 13772. 13772. 13772. 13772. 13772. 13772.
 13772. 13772. 13772. 13772. 13772. 13772. 13772. 13772. 13772. 13772.
 13772. 13772. 13772. 13772. 13772. 13772. 13772. 13772. 13772. 13772.
 13772. 13772. 13772. 13772. 13772. 13772. 13772. 13772. 13771. 13771.
 13771. 13771. 13771. 13771. 13771. 13771. 13770. 13770. 13770. 13769.
 13769. 13768. 13768. 13768. 13767. 13766. 13766. 13765. 13765. 13765.
 13765. 13765. 13765. 13763. 13763. 13763. 13761. 13761. 13761. 13760.
 13760. 13760. 13760. 13760. 13757. 13757. 13757. 13757. 13755. 13755.
 13747. 13747. 13747. 13745. 13744. 13743. 13742. 13742. 13742. 13742.
 13742. 13737. 13737. 13737. 13737. 13737. 13737. 13737. 13736.]",0,
54,54,"[13772. 13772. 13772. 13772. 13772. 13772. 13772. 13772. 13772. 13772.
 13772. 13772. 13772. 13772. 13772. 13772. 13772. 13772. 13772. 13772.
 13772. 13772. 13772. 13772. 13772. 13772. 13772. 13772. 13772. 13772.
 13772. 13772. 13772. 13772. 13772. 13772. 13772. 13772. 13772. 13772.
 13772. 13772. 13772. 13772. 13772. 13772. 13772. 13772. 13772. 13772.
 13772. 13772. 13772. 13772. 13772. 13772. 13772. 13772. 13772. 13772.
 13772. 13772. 13772. 13772. 13772. 13772. 13772. 13772. 13771. 13771.
 13771. 13771. 13771. 13771. 13771. 13771. 13770. 13770. 13770. 13769.
 13769. 13768. 13768. 13768. 13767. 13766. 13766. 13765. 13765. 13765.
 13765. 13765. 13765. 13763. 13763. 13763. 13761. 13761. 13761. 13760.
 13760. 13760. 13760. 13760. 13757. 13757. 13757. 13757. 13755. 13755.
 13747. 13747. 13747. 13745. 13744. 13743. 13742. 13742. 13742. 13742.
 13742. 13737. 13737. 13737. 13737. 13737. 13737. 13737. 13736.]",0,
55,55,"[13772. 13772. 13772. 13772. 13772. 13772. 13772. 13772. 13772. 13772.
 13772. 13772. 13772. 13772. 13772. 13772. 13772. 13772. 13772. 13772.
 13772. 13772. 13772. 13772. 13772. 13772. 13772. 13772. 13772. 13772.
 13772. 13772. 13772. 13772. 13772. 13772. 13772. 13772. 13772. 13772.
 13772. 13772. 13772. 13772. 13772. 13772. 13772. 13772. 13772. 13772.
 13772. 13772. 13772. 13772. 13772. 13772. 13772. 13772. 13772. 13772.
 13772. 13772. 13772. 13772. 13772. 13772. 13772. 13772. 13771. 13771.
 13771. 13771. 13771. 13771. 13771. 13771. 13770. 13770. 13770. 13769.
 13769. 13768. 13768. 13768. 13767. 13766. 13766. 13765. 13765. 13765.
 13765. 13765. 13765. 13763. 13763. 13763. 13761. 13761. 13761. 13760.
 13760. 13760. 13760. 13760. 13757. 13757. 13757. 13757. 13755. 13755.
 13747. 13747. 13747. 13745. 13744. 13743. 13742. 13742. 13742. 13742.
 13742. 13737. 13737. 13737. 13737. 13737. 13737. 13737. 13736.]",0,
56,56,"[13772. 13772. 13772. 13772. 13772. 13772. 13772. 13772. 13772. 13772.
 13772. 13772. 13772. 13772. 13772. 13772. 13772. 13772. 13772. 13772.
 13772. 13772. 13772. 13772. 13772. 13772. 13772. 13772. 13772. 13772.
 13772. 13772. 13772. 13772. 13772. 13772. 13772. 13772. 13772. 13772.
 13772. 13772. 13772. 13772. 13772. 13772. 13772. 13772. 13772. 13772.
 13772. 13772. 13772. 13772. 13772. 13772. 13772. 13772. 13772. 13772.
 13772. 13772. 13772. 13772. 13772. 13772. 13772. 13772. 13771. 13771.
 13771. 13771. 13771. 13771. 13771. 13771. 13770. 13770. 13770. 13769.
 13769. 13768. 13768. 13768. 13767. 13766. 13766. 13765. 13765. 13765.
 13765. 13765. 13765. 13763. 13763. 13763. 13761. 13761. 13761. 13760.
 13760. 13760. 13760. 13760. 13757. 13757. 13757. 13757. 13755. 13755.
 13747. 13747. 13747. 13745. 13744. 13743. 13742. 13742. 13742. 13742.
 13742. 13737. 13737. 13737. 13737. 13737. 13737. 13737. 13736.]",0,
57,57,"[13772. 13772. 13772. 13772. 13772. 13772. 13772. 13772. 13772. 13772.
 13772. 13772. 13772. 13772. 13772. 13772. 13772. 13772. 13772. 13772.
 13772. 13772. 13772. 13772. 13772. 13772. 13772. 13772. 13772. 13772.
 13772. 13772. 13772. 13772. 13772. 13772. 13772. 13772. 13772. 13772.
 13772. 13772. 13772. 13772. 13772. 13772. 13772. 13772. 13772. 13772.
 13772. 13772. 13772. 13772. 13772. 13772. 13772. 13772. 13772. 13772.
 13772. 13772. 13772. 13772. 13772. 13772. 13772. 13772. 13771. 13771.
 13771. 13771. 13771. 13771. 13771. 13771. 13770. 13770. 13770. 13769.
 13769. 13768. 13768. 13768. 13767. 13766. 13766. 13765. 13765. 13765.
 13765. 13765. 13765. 13763. 13763. 13763. 13761. 13761. 13761. 13760.
 13760. 13760. 13760. 13760. 13757. 13757. 13757. 13757. 13755. 13755.
 13747. 13747. 13747. 13745. 13744. 13743. 13742. 13742. 13742. 13742.
 13742. 13737. 13737. 13737. 13737. 13737. 13737. 13737. 13736.]",0,
58,58,"[13772. 13772. 13772. 13772. 13772. 13772. 13772. 13772. 13772. 13772.
 13772. 13772. 13772. 13772. 13772. 13772. 13772. 13772. 13772. 13772.
 13772. 13772. 13772. 13772. 13772. 13772. 13772. 13772. 13772. 13772.
 13772. 13772. 13772. 13772. 13772. 13772. 13772. 13772. 13772. 13772.
 13772. 13772. 13772. 13772. 13772. 13772. 13772. 13772. 13772. 13772.
 13772. 13772. 13772. 13772. 13772. 13772. 13772. 13772. 13772. 13772.
 13772. 13772. 13772. 13772. 13772. 13772. 13772. 13772. 13771. 13771.
 13771. 13771. 13771. 13771. 13771. 13771. 13770. 13770. 13770. 13769.
 13769. 13768. 13768. 13768. 13767. 13766. 13766. 13765. 13765. 13765.
 13765. 13765. 13765. 13763. 13763. 13763. 13761. 13761. 13761. 13760.
 13760. 13760. 13760. 13760. 13757. 13757. 13757. 13757. 13755. 13755.
 13747. 13747. 13747. 13745. 13744. 13743. 13742. 13742. 13742. 13742.
 13742. 13737. 13737. 13737. 13737. 13737. 13737. 13737. 13736.]",0,
59,59,"[13772. 13772. 13772. 13772. 13772. 13772. 13772. 13772. 13772. 13772.
 13772. 13772. 13772. 13772. 13772. 13772. 13772. 13772. 13772. 13772.
 13772. 13772. 13772. 13772. 13772. 13772. 13772. 13772. 13772. 13772.
 13772. 13772. 13772. 13772. 13772. 13772. 13772. 13772. 13772. 13772.
 13772. 13772. 13772. 13772. 13772. 13772. 13772. 13772. 13772. 13772.
 13772. 13772. 13772. 13772. 13772. 13772. 13772. 13772. 13772. 13772.
 13772. 13772. 13772. 13772. 13772. 13772. 13772. 13772. 13771. 13771.
 13771. 13771. 13771. 13771. 13771. 13771. 13770. 13770. 13770. 13769.
 13769. 13768. 13768. 13768. 13767. 13766. 13766. 13765. 13765. 13765.
 13765. 13765. 13765. 13763. 13763. 13763. 13761. 13761. 13761. 13760.
 13760. 13760. 13760. 13760. 13757. 13757. 13757. 13757. 13755. 13755.
 13747. 13747. 13747. 13745. 13744. 13743. 13742. 13742. 13742. 13742.
 13742. 13737. 13737. 13737. 13737. 13737. 13737. 13737. 13736.]",0,
60,60,"[13772. 13772. 13772. 13772. 13772. 13772. 13772. 13772. 13772. 13772.
 13772. 13772. 13772. 13772. 13772. 13772. 13772. 13772. 13772. 13772.
 13772. 13772. 13772. 13772. 13772. 13772. 13772. 13772. 13772. 13772.
 13772. 13772. 13772. 13772. 13772. 13772. 13772. 13772. 13772. 13772.
 13772. 13772. 13772. 13772. 13772. 13772. 13772. 13772. 13772. 13772.
 13772. 13772. 13772. 13772. 13772. 13772. 13772. 13772. 13772. 13772.
 13772. 13772. 13772. 13772. 13772. 13772. 13772. 13772. 13771. 13771.
 13771. 13771. 13771. 13771. 13771. 13771. 13770. 13770. 13770. 13769.
 13769. 13768. 13768. 13768. 13767. 13766. 13766. 13765. 13765. 13765.
 13765. 13765. 13765. 13763. 13763. 13763. 13761. 13761. 13761. 13760.
 13760. 13760. 13760. 13760. 13757. 13757. 13757. 13757. 13755. 13755.
 13747. 13747. 13747. 13745. 13744. 13743. 13742. 13742. 13742. 13742.
 13742. 13737. 13737. 13737. 13737. 13737. 13737. 13737. 13736.]",0,
61,61,"[13772. 13772. 13772. 13772. 13772. 13772. 13772. 13772. 13772. 13772.
 13772. 13772. 13772. 13772. 13772. 13772. 13772. 13772. 13772. 13772.
 13772. 13772. 13772. 13772. 13772. 13772. 13772. 13772. 13772. 13772.
 13772. 13772. 13772. 13772. 13772. 13772. 13772. 13772. 13772. 13772.
 13772. 13772. 13772. 13772. 13772. 13772. 13772. 13772. 13772. 13772.
 13772. 13772. 13772. 13772. 13772. 13772. 13772. 13772. 13772. 13772.
 13772. 13772. 13772. 13772. 13772. 13772. 13772. 13772. 13771. 13771.
 13771. 13771. 13771. 13771. 13771. 13771. 13770. 13770. 13770. 13769.
 13769. 13768. 13768. 13768. 13767. 13766. 13766. 13765. 13765. 13765.
 13765. 13765. 13765. 13763. 13763. 13763. 13761. 13761. 13761. 13760.
 13760. 13760. 13760. 13760. 13757. 13757. 13757. 13757. 13755. 13755.
 13747. 13747. 13747. 13745. 13744. 13743. 13742. 13742. 13742. 13742.
 13742. 13737. 13737. 13737. 13737. 13737. 13737. 13737. 13736.]",0,
62,62,"[13772. 13772. 13772. 13772. 13772. 13772. 13772. 13772. 13772. 13772.
 13772. 13772. 13772. 13772. 13772. 13772. 13772. 13772. 13772. 13772.
 13772. 13772. 13772. 13772. 13772. 13772. 13772. 13772. 13772. 13772.
 13772. 13772. 13772. 13772. 13772. 13772. 13772. 13772. 13772. 13772.
 13772. 13772. 13772. 13772. 13772. 13772. 13772. 13772. 13772. 13772.
 13772. 13772. 13772. 13772. 13772. 13772. 13772. 13772. 13772. 13772.
 13772. 13772. 13772. 13772. 13772. 13772. 13772. 13772. 13771. 13771.
 13771. 13771. 13771. 13771. 13771. 13771. 13770. 13770. 13770. 13769.
 13769. 13768. 13768. 13768. 13767. 13766. 13766. 13765. 13765. 13765.
 13765. 13765. 13765. 13763. 13763. 13763. 13761. 13761. 13761. 13760.
 13760. 13760. 13760. 13760. 13757. 13757. 13757. 13757. 13755. 13755.
 13747. 13747. 13747. 13745. 13744. 13743. 13742. 13742. 13742. 13742.
 13742. 13737. 13737. 13737. 13737. 13737. 13737. 13737. 13736.]",0,
63,63,"[13772. 13772. 13772. 13772. 13772. 13772. 13772. 13772. 13772. 13772.
 13772. 13772. 13772. 13772. 13772. 13772. 13772. 13772. 13772. 13772.
 13772. 13772. 13772. 13772. 13772. 13772. 13772. 13772. 13772. 13772.
 13772. 13772. 13772. 13772. 13772. 13772. 13772. 13772. 13772. 13772.
 13772. 13772. 13772. 13772. 13772. 13772. 13772. 13772. 13772. 13772.
 13772. 13772. 13772. 13772. 13772. 13772. 13772. 13772. 13772. 13772.
 13772. 13772. 13772. 13772. 13772. 13772. 13772. 13772. 13771. 13771.
 13771. 13771. 13771. 13771. 13771. 13771. 13770. 13770. 13770. 13769.
 13769. 13768. 13768. 13768. 13767. 13766. 13766. 13765. 13765. 13765.
 13765. 13765. 13765. 13763. 13763. 13763. 13761. 13761. 13761. 13760.
 13760. 13760. 13760. 13760. 13757. 13757. 13757. 13757. 13755. 13755.
 13747. 13747. 13747. 13745. 13744. 13743. 13742. 13742. 13742. 13742.
 13742. 13737. 13737. 13737. 13737. 13737. 13737. 13737. 13736.]",0,
64,64,"[13772. 13772. 13772. 13772. 13772. 13772. 13772. 13772. 13772. 13772.
 13772. 13772. 13772. 13772. 13772. 13772. 13772. 13772. 13772. 13772.
 13772. 13772. 13772. 13772. 13772. 13772. 13772. 13772. 13772. 13772.
 13772. 13772. 13772. 13772. 13772. 13772. 13772. 13772. 13772. 13772.
 13772. 13772. 13772. 13772. 13772. 13772. 13772. 13772. 13772. 13772.
 13772. 13772. 13772. 13772. 13772. 13772. 13772. 13772. 13772. 13772.
 13772. 13772. 13772. 13772. 13772. 13772. 13772. 13772. 13771. 13771.
 13771. 13771. 13771. 13771. 13771. 13771. 13770. 13770. 13770. 13769.
 13769. 13768. 13768. 13768. 13767. 13766. 13766. 13765. 13765. 13765.
 13765. 13765. 13765. 13763. 13763. 13763. 13761. 13761. 13761. 13760.
 13760. 13760. 13760. 13760. 13757. 13757. 13757. 13757. 13755. 13755.
 13747. 13747. 13747. 13745. 13744. 13743. 13742. 13742. 13742. 13742.
 13742. 13737. 13737. 13737. 13737. 13737. 13737. 13737. 13736.]",0,
65,65,"[13772. 13772. 13772. 13772. 13772. 13772. 13772. 13772. 13772. 13772.
 13772. 13772. 13772. 13772. 13772. 13772. 13772. 13772. 13772. 13772.
 13772. 13772. 13772. 13772. 13772. 13772. 13772. 13772. 13772. 13772.
 13772. 13772. 13772. 13772. 13772. 13772. 13772. 13772. 13772. 13772.
 13772. 13772. 13772. 13772. 13772. 13772. 13772. 13772. 13772. 13772.
 13772. 13772. 13772. 13772. 13772. 13772. 13772. 13772. 13772. 13772.
 13772. 13772. 13772. 13772. 13772. 13772. 13772. 13772. 13771. 13771.
 13771. 13771. 13771. 13771. 13771. 13771. 13770. 13770. 13770. 13769.
 13769. 13768. 13768. 13768. 13767. 13766. 13766. 13765. 13765. 13765.
 13765. 13765. 13765. 13763. 13763. 13763. 13761. 13761. 13761. 13760.
 13760. 13760. 13760. 13760. 13757. 13757. 13757. 13757. 13755. 13755.
 13747. 13747. 13747. 13745. 13744. 13743. 13742. 13742. 13742. 13742.
 13742. 13737. 13737. 13737. 13737. 13737. 13737. 13737. 13736.]",0,
66,66,"[13772. 13772. 13772. 13772. 13772. 13772. 13772. 13772. 13772. 13772.
 13772. 13772. 13772. 13772. 13772. 13772. 13772. 13772. 13772. 13772.
 13772. 13772. 13772. 13772. 13772. 13772. 13772. 13772. 13772. 13772.
 13772. 13772. 13772. 13772. 13772. 13772. 13772. 13772. 13772. 13772.
 13772. 13772. 13772. 13772. 13772. 13772. 13772. 13772. 13772. 13772.
 13772. 13772. 13772. 13772. 13772. 13772. 13772. 13772. 13772. 13772.
 13772. 13772. 13772. 13772. 13772. 13772. 13772. 13772. 13771. 13771.
 13771. 13771. 13771. 13771. 13771. 13771. 13770. 13770. 13770. 13769.
 13769. 13768. 13768. 13768. 13767. 13766. 13766. 13765. 13765. 13765.
 13765. 13765. 13765. 13763. 13763. 13763. 13761. 13761. 13761. 13760.
 13760. 13760. 13760. 13760. 13757. 13757. 13757. 13757. 13755. 13755.
 13747. 13747. 13747. 13745. 13744. 13743. 13742. 13742. 13742. 13742.
 13742. 13737. 13737. 13737. 13737. 13737. 13737. 13737. 13736.]",0,
67,67,"[13772. 13772. 13772. 13772. 13772. 13772. 13772. 13772. 13772. 13772.
 13772. 13772. 13772. 13772. 13772. 13772. 13772. 13772. 13772. 13772.
 13772. 13772. 13772. 13772. 13772. 13772. 13772. 13772. 13772. 13772.
 13772. 13772. 13772. 13772. 13772. 13772. 13772. 13772. 13772. 13772.
 13772. 13772. 13772. 13772. 13772. 13772. 13772. 13772. 13772. 13772.
 13772. 13772. 13772. 13772. 13772. 13772. 13772. 13772. 13772. 13772.
 13772. 13772. 13772. 13772. 13772. 13772. 13772. 13772. 13771. 13771.
 13771. 13771. 13771. 13771. 13771. 13771. 13770. 13770. 13770. 13769.
 13769. 13768. 13768. 13768. 13767. 13766. 13766. 13765. 13765. 13765.
 13765. 13765. 13765. 13763. 13763. 13763. 13761. 13761. 13761. 13760.
 13760. 13760. 13760. 13760. 13757. 13757. 13757. 13757. 13755. 13755.
 13747. 13747. 13747. 13745. 13744. 13743. 13742. 13742. 13742. 13742.
 13742. 13737. 13737. 13737. 13737. 13737. 13737. 13737. 13736.]",0,
68,68,"[13772. 13772. 13772. 13772. 13772. 13772. 13772. 13772. 13772. 13772.
 13772. 13772. 13772. 13772. 13772. 13772. 13772. 13772. 13772. 13772.
 13772. 13772. 13772. 13772. 13772. 13772. 13772. 13772. 13772. 13772.
 13772. 13772. 13772. 13772. 13772. 13772. 13772. 13772. 13772. 13772.
 13772. 13772. 13772. 13772. 13772. 13772. 13772. 13772. 13772. 13772.
 13772. 13772. 13772. 13772. 13772. 13772. 13772. 13772. 13772. 13772.
 13772. 13772. 13772. 13772. 13772. 13772. 13772. 13772. 13771. 13771.
 13771. 13771. 13771. 13771. 13771. 13771. 13770. 13770. 13770. 13769.
 13769. 13768. 13768. 13768. 13767. 13766. 13766. 13765. 13765. 13765.
 13765. 13765. 13765. 13763. 13763. 13763. 13761. 13761. 13761. 13760.
 13760. 13760. 13760. 13760. 13757. 13757. 13757. 13757. 13755. 13755.
 13747. 13747. 13747. 13745. 13744. 13743. 13742. 13742. 13742. 13742.
 13742. 13737. 13737. 13737. 13737. 13737. 13737. 13737. 13736.]",1,
69,69,"[13772. 13772. 13772. 13772. 13772. 13772. 13772. 13772. 13772. 13772.
 13772. 13772. 13772. 13772. 13772. 13772. 13772. 13772. 13772. 13772.
 13772. 13772. 13772. 13772. 13772. 13772. 13772. 13772. 13772. 13772.
 13772. 13772. 13772. 13772. 13772. 13772. 13772. 13772. 13772. 13772.
 13772. 13772. 13772. 13772. 13772. 13772. 13772. 13772. 13772. 13772.
 13772. 13772. 13772. 13772. 13772. 13772. 13772. 13772. 13772. 13772.
 13772. 13772. 13772. 13772. 13772. 13772. 13772. 13772. 13771. 13771.
 13771. 13771. 13771. 13771. 13771. 13771. 13770. 13770. 13770. 13769.
 13769. 13768. 13768. 13768. 13767. 13766. 13766. 13765. 13765. 13765.
 13765. 13765. 13765. 13763. 13763. 13763. 13761. 13761. 13761. 13760.
 13760. 13760. 13760. 13760. 13757. 13757. 13757. 13757. 13755. 13755.
 13747. 13747. 13747. 13745. 13744. 13743. 13742. 13742. 13742. 13742.
 13742. 13737. 13737. 13737. 13737. 13737. 13737. 13737. 13736.]",1,
70,70,"[13772. 13772. 13772. 13772. 13772. 13772. 13772. 13772. 13772. 13772.
 13772. 13772. 13772. 13772. 13772. 13772. 13772. 13772. 13772. 13772.
 13772. 13772. 13772. 13772. 13772. 13772. 13772. 13772. 13772. 13772.
 13772. 13772. 13772. 13772. 13772. 13772. 13772. 13772. 13772. 13772.
 13772. 13772. 13772. 13772. 13772. 13772. 13772. 13772. 13772. 13772.
 13772. 13772. 13772. 13772. 13772. 13772. 13772. 13772. 13772. 13772.
 13772. 13772. 13772. 13772. 13772. 13772. 13772. 13772. 13771. 13771.
 13771. 13771. 13771. 13771. 13771. 13771. 13770. 13770. 13770. 13769.
 13769. 13768. 13768. 13768. 13767. 13766. 13766. 13765. 13765. 13765.
 13765. 13765. 13765. 13763. 13763. 13763. 13761. 13761. 13761. 13760.
 13760. 13760. 13760. 13760. 13757. 13757. 13757. 13757. 13755. 13755.
 13747. 13747. 13747. 13745. 13744. 13743. 13742. 13742. 13742. 13742.
 13742. 13737. 13737. 13737. 13737. 13737. 13737. 13737. 13736.]",1,
71,71,"[13772. 13772. 13772. 13772. 13772. 13772. 13772. 13772. 13772. 13772.
 13772. 13772. 13772. 13772. 13772. 13772. 13772. 13772. 13772. 13772.
 13772. 13772. 13772. 13772. 13772. 13772. 13772. 13772. 13772. 13772.
 13772. 13772. 13772. 13772. 13772. 13772. 13772. 13772. 13772. 13772.
 13772. 13772. 13772. 13772. 13772. 13772. 13772. 13772. 13772. 13772.
 13772. 13772. 13772. 13772. 13772. 13772. 13772. 13772. 13772. 13772.
 13772. 13772. 13772. 13772. 13772. 13772. 13772. 13772. 13771. 13771.
 13771. 13771. 13771. 13771. 13771. 13771. 13770. 13770. 13770. 13769.
 13769. 13768. 13768. 13768. 13767. 13766. 13766. 13765. 13765. 13765.
 13765. 13765. 13765. 13763. 13763. 13763. 13761. 13761. 13761. 13760.
 13760. 13760. 13760. 13760. 13757. 13757. 13757. 13757. 13755. 13755.
 13747. 13747. 13747. 13745. 13744. 13743. 13742. 13742. 13742. 13742.
 13742. 13737. 13737. 13737. 13737. 13737. 13737. 13737. 13736.]",1,
72,72,"[13772. 13772. 13772. 13772. 13772. 13772. 13772. 13772. 13772. 13772.
 13772. 13772. 13772. 13772. 13772. 13772. 13772. 13772. 13772. 13772.
 13772. 13772. 13772. 13772. 13772. 13772. 13772. 13772. 13772. 13772.
 13772. 13772. 13772. 13772. 13772. 13772. 13772. 13772. 13772. 13772.
 13772. 13772. 13772. 13772. 13772. 13772. 13772. 13772. 13772. 13772.
 13772. 13772. 13772. 13772. 13772. 13772. 13772. 13772. 13772. 13772.
 13772. 13772. 13772. 13772. 13772. 13772. 13772. 13772. 13771. 13771.
 13771. 13771. 13771. 13771. 13771. 13771. 13770. 13770. 13770. 13769.
 13769. 13768. 13768. 13768. 13767. 13766. 13766. 13765. 13765. 13765.
 13765. 13765. 13765. 13763. 13763. 13763. 13761. 13761. 13761. 13760.
 13760. 13760. 13760. 13760. 13757. 13757. 13757. 13757. 13755. 13755.
 13747. 13747. 13747. 13745. 13744. 13743. 13742. 13742. 13742. 13742.
 13742. 13737. 13737. 13737. 13737. 13737. 13737. 13737. 13736.]",1,
73,73,"[13772. 13772. 13772. 13772. 13772. 13772. 13772. 13772. 13772. 13772.
 13772. 13772. 13772. 13772. 13772. 13772. 13772. 13772. 13772. 13772.
 13772. 13772. 13772. 13772. 13772. 13772. 13772. 13772. 13772. 13772.
 13772. 13772. 13772. 13772. 13772. 13772. 13772. 13772. 13772. 13772.
 13772. 13772. 13772. 13772. 13772. 13772. 13772. 13772. 13772. 13772.
 13772. 13772. 13772. 13772. 13772. 13772. 13772. 13772. 13772. 13772.
 13772. 13772. 13772. 13772. 13772. 13772. 13772. 13772. 13771. 13771.
 13771. 13771. 13771. 13771. 13771. 13771. 13770. 13770. 13770. 13769.
 13769. 13768. 13768. 13768. 13767. 13766. 13766. 13765. 13765. 13765.
 13765. 13765. 13765. 13763. 13763. 13763. 13761. 13761. 13761. 13760.
 13760. 13760. 13760. 13760. 13757. 13757. 13757. 13757. 13755. 13755.
 13747. 13747. 13747. 13745. 13744. 13743. 13742. 13742. 13742. 13742.
 13742. 13737. 13737. 13737. 13737. 13737. 13737. 13737. 13736.]",1,
74,74,"[13772. 13772. 13772. 13772. 13772. 13772. 13772. 13772. 13772. 13772.
 13772. 13772. 13772. 13772. 13772. 13772. 13772. 13772. 13772. 13772.
 13772. 13772. 13772. 13772. 13772. 13772. 13772. 13772. 13772. 13772.
 13772. 13772. 13772. 13772. 13772. 13772. 13772. 13772. 13772. 13772.
 13772. 13772. 13772. 13772. 13772. 13772. 13772. 13772. 13772. 13772.
 13772. 13772. 13772. 13772. 13772. 13772. 13772. 13772. 13772. 13772.
 13772. 13772. 13772. 13772. 13772. 13772. 13772. 13772. 13771. 13771.
 13771. 13771. 13771. 13771. 13771. 13771. 13770. 13770. 13770. 13769.
 13769. 13768. 13768. 13768. 13767. 13766. 13766. 13765. 13765. 13765.
 13765. 13765. 13765. 13763. 13763. 13763. 13761. 13761. 13761. 13760.
 13760. 13760. 13760. 13760. 13757. 13757. 13757. 13757. 13755. 13755.
 13747. 13747. 13747. 13745. 13744. 13743. 13742. 13742. 13742. 13742.
 13742. 13737. 13737. 13737. 13737. 13737. 13737. 13737. 13736.]",1,
75,75,"[13772. 13772. 13772. 13772. 13772. 13772. 13772. 13772. 13772. 13772.
 13772. 13772. 13772. 13772. 13772. 13772. 13772. 13772. 13772. 13772.
 13772. 13772. 13772. 13772. 13772. 13772. 13772. 13772. 13772. 13772.
 13772. 13772. 13772. 13772. 13772. 13772. 13772. 13772. 13772. 13772.
 13772. 13772. 13772. 13772. 13772. 13772. 13772. 13772. 13772. 13772.
 13772. 13772. 13772. 13772. 13772. 13772. 13772. 13772. 13772. 13772.
 13772. 13772. 13772. 13772. 13772. 13772. 13772. 13772. 13771. 13771.
 13771. 13771. 13771. 13771. 13771. 13771. 13770. 13770. 13770. 13769.
 13769. 13768. 13768. 13768. 13767. 13766. 13766. 13765. 13765. 13765.
 13765. 13765. 13765. 13763. 13763. 13763. 13761. 13761. 13761. 13760.
 13760. 13760. 13760. 13760. 13757. 13757. 13757. 13757. 13755. 13755.
 13747. 13747. 13747. 13745. 13744. 13743. 13742. 13742. 13742. 13742.
 13742. 13737. 13737. 13737. 13737. 13737. 13737. 13737. 13736.]",1,
76,76,"[13772. 13772. 13772. 13772. 13772. 13772. 13772. 13772. 13772. 13772.
 13772. 13772. 13772. 13772. 13772. 13772. 13772. 13772. 13772. 13772.
 13772. 13772. 13772. 13772. 13772. 13772. 13772. 13772. 13772. 13772.
 13772. 13772. 13772. 13772. 13772. 13772. 13772. 13772. 13772. 13772.
 13772. 13772. 13772. 13772. 13772. 13772. 13772. 13772. 13772. 13772.
 13772. 13772. 13772. 13772. 13772. 13772. 13772. 13772. 13772. 13772.
 13772. 13772. 13772. 13772. 13772. 13772. 13772. 13772. 13771. 13771.
 13771. 13771. 13771. 13771. 13771. 13771. 13770. 13770. 13770. 13769.
 13769. 13768. 13768. 13768. 13767. 13766. 13766. 13765. 13765. 13765.
 13765. 13765. 13765. 13763. 13763. 13763. 13761. 13761. 13761. 13760.
 13760. 13760. 13760. 13760. 13757. 13757. 13757. 13757. 13755. 13755.
 13747. 13747. 13747. 13745. 13744. 13743. 13742. 13742. 13742. 13742.
 13742. 13737. 13737. 13737. 13737. 13737. 13737. 13737. 13736.]",2,
77,77,"[13772. 13772. 13772. 13772. 13772. 13772. 13772. 13772. 13772. 13772.
 13772. 13772. 13772. 13772. 13772. 13772. 13772. 13772. 13772. 13772.
 13772. 13772. 13772. 13772. 13772. 13772. 13772. 13772. 13772. 13772.
 13772. 13772. 13772. 13772. 13772. 13772. 13772. 13772. 13772. 13772.
 13772. 13772. 13772. 13772. 13772. 13772. 13772. 13772. 13772. 13772.
 13772. 13772. 13772. 13772. 13772. 13772. 13772. 13772. 13772. 13772.
 13772. 13772. 13772. 13772. 13772. 13772. 13772. 13772. 13771. 13771.
 13771. 13771. 13771. 13771. 13771. 13771. 13770. 13770. 13770. 13769.
 13769. 13768. 13768. 13768. 13767. 13766. 13766. 13765. 13765. 13765.
 13765. 13765. 13765. 13763. 13763. 13763. 13761. 13761. 13761. 13760.
 13760. 13760. 13760. 13760. 13757. 13757. 13757. 13757. 13755. 13755.
 13747. 13747. 13747. 13745. 13744. 13743. 13742. 13742. 13742. 13742.
 13742. 13737. 13737. 13737. 13737. 13737. 13737. 13737. 13736.]",2,
78,78,"[13772. 13772. 13772. 13772. 13772. 13772. 13772. 13772. 13772. 13772.
 13772. 13772. 13772. 13772. 13772. 13772. 13772. 13772. 13772. 13772.
 13772. 13772. 13772. 13772. 13772. 13772. 13772. 13772. 13772. 13772.
 13772. 13772. 13772. 13772. 13772. 13772. 13772. 13772. 13772. 13772.
 13772. 13772. 13772. 13772. 13772. 13772. 13772. 13772. 13772. 13772.
 13772. 13772. 13772. 13772. 13772. 13772. 13772. 13772. 13772. 13772.
 13772. 13772. 13772. 13772. 13772. 13772. 13772. 13772. 13771. 13771.
 13771. 13771. 13771. 13771. 13771. 13771. 13770. 13770. 13770. 13769.
 13769. 13768. 13768. 13768. 13767. 13766. 13766. 13765. 13765. 13765.
 13765. 13765. 13765. 13763. 13763. 13763. 13761. 13761. 13761. 13760.
 13760. 13760. 13760. 13760. 13757. 13757. 13757. 13757. 13755. 13755.
 13747. 13747. 13747. 13745. 13744. 13743. 13742. 13742. 13742. 13742.
 13742. 13737. 13737. 13737. 13737. 13737. 13737. 13737. 13736.]",2,
79,79,"[13772. 13772. 13772. 13772. 13772. 13772. 13772. 13772. 13772. 13772.
 13772. 13772. 13772. 13772. 13772. 13772. 13772. 13772. 13772. 13772.
 13772. 13772. 13772. 13772. 13772. 13772. 13772. 13772. 13772. 13772.
 13772. 13772. 13772. 13772. 13772. 13772. 13772. 13772. 13772. 13772.
 13772. 13772. 13772. 13772. 13772. 13772. 13772. 13772. 13772. 13772.
 13772. 13772. 13772. 13772. 13772. 13772. 13772. 13772. 13772. 13772.
 13772. 13772. 13772. 13772. 13772. 13772. 13772. 13772. 13771. 13771.
 13771. 13771. 13771. 13771. 13771. 13771. 13770. 13770. 13770. 13769.
 13769. 13768. 13768. 13768. 13767. 13766. 13766. 13765. 13765. 13765.
 13765. 13765. 13765. 13763. 13763. 13763. 13761. 13761. 13761. 13760.
 13760. 13760. 13760. 13760. 13757. 13757. 13757. 13757. 13755. 13755.
 13747. 13747. 13747. 13745. 13744. 13743. 13742. 13742. 13742. 13742.
 13742. 13737. 13737. 13737. 13737. 13737. 13737. 13737. 13736.]",3,
80,80,"[13772. 13772. 13772. 13772. 13772. 13772. 13772. 13772. 13772. 13772.
 13772. 13772. 13772. 13772. 13772. 13772. 13772. 13772. 13772. 13772.
 13772. 13772. 13772. 13772. 13772. 13772. 13772. 13772. 13772. 13772.
 13772. 13772. 13772. 13772. 13772. 13772. 13772. 13772. 13772. 13772.
 13772. 13772. 13772. 13772. 13772. 13772. 13772. 13772. 13772. 13772.
 13772. 13772. 13772. 13772. 13772. 13772. 13772. 13772. 13772. 13772.
 13772. 13772. 13772. 13772. 13772. 13772. 13772. 13772. 13771. 13771.
 13771. 13771. 13771. 13771. 13771. 13771. 13770. 13770. 13770. 13769.
 13769. 13768. 13768. 13768. 13767. 13766. 13766. 13765. 13765. 13765.
 13765. 13765. 13765. 13763. 13763. 13763. 13761. 13761. 13761. 13760.
 13760. 13760. 13760. 13760. 13757. 13757. 13757. 13757. 13755. 13755.
 13747. 13747. 13747. 13745. 13744. 13743. 13742. 13742. 13742. 13742.
 13742. 13737. 13737. 13737. 13737. 13737. 13737. 13737. 13736.]",3,
81,81,"[13772. 13772. 13772. 13772. 13772. 13772. 13772. 13772. 13772. 13772.
 13772. 13772. 13772. 13772. 13772. 13772. 13772. 13772. 13772. 13772.
 13772. 13772. 13772. 13772. 13772. 13772. 13772. 13772. 13772. 13772.
 13772. 13772. 13772. 13772. 13772. 13772. 13772. 13772. 13772. 13772.
 13772. 13772. 13772. 13772. 13772. 13772. 13772. 13772. 13772. 13772.
 13772. 13772. 13772. 13772. 13772. 13772. 13772. 13772. 13772. 13772.
 13772. 13772. 13772. 13772. 13772. 13772. 13772. 13772. 13771. 13771.
 13771. 13771. 13771. 13771. 13771. 13771. 13770. 13770. 13770. 13769.
 13769. 13768. 13768. 13768. 13767. 13766. 13766. 13765. 13765. 13765.
 13765. 13765. 13765. 13763. 13763. 13763. 13761. 13761. 13761. 13760.
 13760. 13760. 13760. 13760. 13757. 13757. 13757. 13757. 13755. 13755.
 13747. 13747. 13747. 13745. 13744. 13743. 13742. 13742. 13742. 13742.
 13742. 13737. 13737. 13737. 13737. 13737. 13737. 13737. 13736.]",4,
82,82,"[13772. 13772. 13772. 13772. 13772. 13772. 13772. 13772. 13772. 13772.
 13772. 13772. 13772. 13772. 13772. 13772. 13772. 13772. 13772. 13772.
 13772. 13772. 13772. 13772. 13772. 13772. 13772. 13772. 13772. 13772.
 13772. 13772. 13772. 13772. 13772. 13772. 13772. 13772. 13772. 13772.
 13772. 13772. 13772. 13772. 13772. 13772. 13772. 13772. 13772. 13772.
 13772. 13772. 13772. 13772. 13772. 13772. 13772. 13772. 13772. 13772.
 13772. 13772. 13772. 13772. 13772. 13772. 13772. 13772. 13771. 13771.
 13771. 13771. 13771. 13771. 13771. 13771. 13770. 13770. 13770. 13769.
 13769. 13768. 13768. 13768. 13767. 13766. 13766. 13765. 13765. 13765.
 13765. 13765. 13765. 13763. 13763. 13763. 13761. 13761. 13761. 13760.
 13760. 13760. 13760. 13760. 13757. 13757. 13757. 13757. 13755. 13755.
 13747. 13747. 13747. 13745. 13744. 13743. 13742. 13742. 13742. 13742.
 13742. 13737. 13737. 13737. 13737. 13737. 13737. 13737. 13736.]",4,
83,83,"[13772. 13772. 13772. 13772. 13772. 13772. 13772. 13772. 13772. 13772.
 13772. 13772. 13772. 13772. 13772. 13772. 13772. 13772. 13772. 13772.
 13772. 13772. 13772. 13772. 13772. 13772. 13772. 13772. 13772. 13772.
 13772. 13772. 13772. 13772. 13772. 13772. 13772. 13772. 13772. 13772.
 13772. 13772. 13772. 13772. 13772. 13772. 13772. 13772. 13772. 13772.
 13772. 13772. 13772. 13772. 13772. 13772. 13772. 13772. 13772. 13772.
 13772. 13772. 13772. 13772. 13772. 13772. 13772. 13772. 13771. 13771.
 13771. 13771. 13771. 13771. 13771. 13771. 13770. 13770. 13770. 13769.
 13769. 13768. 13768. 13768. 13767. 13766. 13766. 13765. 13765. 13765.
 13765. 13765. 13765. 13763. 13763. 13763. 13761. 13761. 13761. 13760.
 13760. 13760. 13760. 13760. 13757. 13757. 13757. 13757. 13755. 13755.
 13747. 13747. 13747. 13745. 13744. 13743. 13742. 13742. 13742. 13742.
 13742. 13737. 13737. 13737. 13737. 13737. 13737. 13737. 13736.]",4,
84,84,"[13772. 13772. 13772. 13772. 13772. 13772. 13772. 13772. 13772. 13772.
 13772. 13772. 13772. 13772. 13772. 13772. 13772. 13772. 13772. 13772.
 13772. 13772. 13772. 13772. 13772. 13772. 13772. 13772. 13772. 13772.
 13772. 13772. 13772. 13772. 13772. 13772. 13772. 13772. 13772. 13772.
 13772. 13772. 13772. 13772. 13772. 13772. 13772. 13772. 13772. 13772.
 13772. 13772. 13772. 13772. 13772. 13772. 13772. 13772. 13772. 13772.
 13772. 13772. 13772. 13772. 13772. 13772. 13772. 13772. 13771. 13771.
 13771. 13771. 13771. 13771. 13771. 13771. 13770. 13770. 13770. 13769.
 13769. 13768. 13768. 13768. 13767. 13766. 13766. 13765. 13765. 13765.
 13765. 13765. 13765. 13763. 13763. 13763. 13761. 13761. 13761. 13760.
 13760. 13760. 13760. 13760. 13757. 13757. 13757. 13757. 13755. 13755.
 13747. 13747. 13747. 13745. 13744. 13743. 13742. 13742. 13742. 13742.
 13742. 13737. 13737. 13737. 13737. 13737. 13737. 13737. 13736.]",5,
85,85,"[13772. 13772. 13772. 13772. 13772. 13772. 13772. 13772. 13772. 13772.
 13772. 13772. 13772. 13772. 13772. 13772. 13772. 13772. 13772. 13772.
 13772. 13772. 13772. 13772. 13772. 13772. 13772. 13772. 13772. 13772.
 13772. 13772. 13772. 13772. 13772. 13772. 13772. 13772. 13772. 13772.
 13772. 13772. 13772. 13772. 13772. 13772. 13772. 13772. 13772. 13772.
 13772. 13772. 13772. 13772. 13772. 13772. 13772. 13772. 13772. 13772.
 13772. 13772. 13772. 13772. 13772. 13772. 13772. 13772. 13771. 13771.
 13771. 13771. 13771. 13771. 13771. 13771. 13770. 13770. 13770. 13769.
 13769. 13768. 13768. 13768. 13767. 13766. 13766. 13765. 13765. 13765.
 13765. 13765. 13765. 13763. 13763. 13763. 13761. 13761. 13761. 13760.
 13760. 13760. 13760. 13760. 13757. 13757. 13757. 13757. 13755. 13755.
 13747. 13747. 13747. 13745. 13744. 13743. 13742. 13742. 13742. 13742.
 13742. 13737. 13737. 13737. 13737. 13737. 13737. 13737. 13736.]",6,
86,86,"[13772. 13772. 13772. 13772. 13772. 13772. 13772. 13772. 13772. 13772.
 13772. 13772. 13772. 13772. 13772. 13772. 13772. 13772. 13772. 13772.
 13772. 13772. 13772. 13772. 13772. 13772. 13772. 13772. 13772. 13772.
 13772. 13772. 13772. 13772. 13772. 13772. 13772. 13772. 13772. 13772.
 13772. 13772. 13772. 13772. 13772. 13772. 13772. 13772. 13772. 13772.
 13772. 13772. 13772. 13772. 13772. 13772. 13772. 13772. 13772. 13772.
 13772. 13772. 13772. 13772. 13772. 13772. 13772. 13772. 13771. 13771.
 13771. 13771. 13771. 13771. 13771. 13771. 13770. 13770. 13770. 13769.
 13769. 13768. 13768. 13768. 13767. 13766. 13766. 13765. 13765. 13765.
 13765. 13765. 13765. 13763. 13763. 13763. 13761. 13761. 13761. 13760.
 13760. 13760. 13760. 13760. 13757. 13757. 13757. 13757. 13755. 13755.
 13747. 13747. 13747. 13745. 13744. 13743. 13742. 13742. 13742. 13742.
 13742. 13737. 13737. 13737. 13737. 13737. 13737. 13737. 13736.]",6,
87,87,"[13772. 13772. 13772. 13772. 13772. 13772. 13772. 13772. 13772. 13772.
 13772. 13772. 13772. 13772. 13772. 13772. 13772. 13772. 13772. 13772.
 13772. 13772. 13772. 13772. 13772. 13772. 13772. 13772. 13772. 13772.
 13772. 13772. 13772. 13772. 13772. 13772. 13772. 13772. 13772. 13772.
 13772. 13772. 13772. 13772. 13772. 13772. 13772. 13772. 13772. 13772.
 13772. 13772. 13772. 13772. 13772. 13772. 13772. 13772. 13772. 13772.
 13772. 13772. 13772. 13772. 13772. 13772. 13772. 13772. 13771. 13771.
 13771. 13771. 13771. 13771. 13771. 13771. 13770. 13770. 13770. 13769.
 13769. 13768. 13768. 13768. 13767. 13766. 13766. 13765. 13765. 13765.
 13765. 13765. 13765. 13763. 13763. 13763. 13761. 13761. 13761. 13760.
 13760. 13760. 13760. 13760. 13757. 13757. 13757. 13757. 13755. 13755.
 13747. 13747. 13747. 13745. 13744. 13743. 13742. 13742. 13742. 13742.
 13742. 13737. 13737. 13737. 13737. 13737. 13737. 13737. 13736.]",7,
88,88,"[13772. 13772. 13772. 13772. 13772. 13772. 13772. 13772. 13772. 13772.
 13772. 13772. 13772. 13772. 13772. 13772. 13772. 13772. 13772. 13772.
 13772. 13772. 13772. 13772. 13772. 13772. 13772. 13772. 13772. 13772.
 13772. 13772. 13772. 13772. 13772. 13772. 13772. 13772. 13772. 13772.
 13772. 13772. 13772. 13772. 13772. 13772. 13772. 13772. 13772. 13772.
 13772. 13772. 13772. 13772. 13772. 13772. 13772. 13772. 13772. 13772.
 13772. 13772. 13772. 13772. 13772. 13772. 13772. 13772. 13771. 13771.
 13771. 13771. 13771. 13771. 13771. 13771. 13770. 13770. 13770. 13769.
 13769. 13768. 13768. 13768. 13767. 13766. 13766. 13765. 13765. 13765.
 13765. 13765. 13765. 13763. 13763. 13763. 13761. 13761. 13761. 13760.
 13760. 13760. 13760. 13760. 13757. 13757. 13757. 13757. 13755. 13755.
 13747. 13747. 13747. 13745. 13744. 13743. 13742. 13742. 13742. 13742.
 13742. 13737. 13737. 13737. 13737. 13737. 13737. 13737. 13736.]",7,
89,89,"[13772. 13772. 13772. 13772. 13772. 13772. 13772. 13772. 13772. 13772.
 13772. 13772. 13772. 13772. 13772. 13772. 13772. 13772. 13772. 13772.
 13772. 13772. 13772. 13772. 13772. 13772. 13772. 13772. 13772. 13772.
 13772. 13772. 13772. 13772. 13772. 13772. 13772. 13772. 13772. 13772.
 13772. 13772. 13772. 13772. 13772. 13772. 13772. 13772. 13772. 13772.
 13772. 13772. 13772. 13772. 13772. 13772. 13772. 13772. 13772. 13772.
 13772. 13772. 13772. 13772. 13772. 13772. 13772. 13772. 13771. 13771.
 13771. 13771. 13771. 13771. 13771. 13771. 13770. 13770. 13770. 13769.
 13769. 13768. 13768. 13768. 13767. 13766. 13766. 13765. 13765. 13765.
 13765. 13765. 13765. 13763. 13763. 13763. 13761. 13761. 13761. 13760.
 13760. 13760. 13760. 13760. 13757. 13757. 13757. 13757. 13755. 13755.
 13747. 13747. 13747. 13745. 13744. 13743. 13742. 13742. 13742. 13742.
 13742. 13737. 13737. 13737. 13737. 13737. 13737. 13737. 13736.]",7,
90,90,"[13772. 13772. 13772. 13772. 13772. 13772. 13772. 13772. 13772. 13772.
 13772. 13772. 13772. 13772. 13772. 13772. 13772. 13772. 13772. 13772.
 13772. 13772. 13772. 13772. 13772. 13772. 13772. 13772. 13772. 13772.
 13772. 13772. 13772. 13772. 13772. 13772. 13772. 13772. 13772. 13772.
 13772. 13772. 13772. 13772. 13772. 13772. 13772. 13772. 13772. 13772.
 13772. 13772. 13772. 13772. 13772. 13772. 13772. 13772. 13772. 13772.
 13772. 13772. 13772. 13772. 13772. 13772. 13772. 13772. 13771. 13771.
 13771. 13771. 13771. 13771. 13771. 13771. 13770. 13770. 13770. 13769.
 13769. 13768. 13768. 13768. 13767. 13766. 13766. 13765. 13765. 13765.
 13765. 13765. 13765. 13763. 13763. 13763. 13761. 13761. 13761. 13760.
 13760. 13760. 13760. 13760. 13757. 13757. 13757. 13757. 13755. 13755.
 13747. 13747. 13747. 13745. 13744. 13743. 13742. 13742. 13742. 13742.
 13742. 13737. 13737. 13737. 13737. 13737. 13737. 13737. 13736.]",7,
91,91,"[13772. 13772. 13772. 13772. 13772. 13772. 13772. 13772. 13772. 13772.
 13772. 13772. 13772. 13772. 13772. 13772. 13772. 13772. 13772. 13772.
 13772. 13772. 13772. 13772. 13772. 13772. 13772. 13772. 13772. 13772.
 13772. 13772. 13772. 13772. 13772. 13772. 13772. 13772. 13772. 13772.
 13772. 13772. 13772. 13772. 13772. 13772. 13772. 13772. 13772. 13772.
 13772. 13772. 13772. 13772. 13772. 13772. 13772. 13772. 13772. 13772.
 13772. 13772. 13772. 13772. 13772. 13772. 13772. 13772. 13771. 13771.
 13771. 13771. 13771. 13771. 13771. 13771. 13770. 13770. 13770. 13769.
 13769. 13768. 13768. 13768. 13767. 13766. 13766. 13765. 13765. 13765.
 13765. 13765. 13765. 13763. 13763. 13763. 13761. 13761. 13761. 13760.
 13760. 13760. 13760. 13760. 13757. 13757. 13757. 13757. 13755. 13755.
 13747. 13747. 13747. 13745. 13744. 13743. 13742. 13742. 13742. 13742.
 13742. 13737. 13737. 13737. 13737. 13737. 13737. 13737. 13736.]",7,
92,92,"[13772. 13772. 13772. 13772. 13772. 13772. 13772. 13772. 13772. 13772.
 13772. 13772. 13772. 13772. 13772. 13772. 13772. 13772. 13772. 13772.
 13772. 13772. 13772. 13772. 13772. 13772. 13772. 13772. 13772. 13772.
 13772. 13772. 13772. 13772. 13772. 13772. 13772. 13772. 13772. 13772.
 13772. 13772. 13772. 13772. 13772. 13772. 13772. 13772. 13772. 13772.
 13772. 13772. 13772. 13772. 13772. 13772. 13772. 13772. 13772. 13772.
 13772. 13772. 13772. 13772. 13772. 13772. 13772. 13772. 13771. 13771.
 13771. 13771. 13771. 13771. 13771. 13771. 13770. 13770. 13770. 13769.
 13769. 13768. 13768. 13768. 13767. 13766. 13766. 13765. 13765. 13765.
 13765. 13765. 13765. 13763. 13763. 13763. 13761. 13761. 13761. 13760.
 13760. 13760. 13760. 13760. 13757. 13757. 13757. 13757. 13755. 13755.
 13747. 13747. 13747. 13745. 13744. 13743. 13742. 13742. 13742. 13742.
 13742. 13737. 13737. 13737. 13737. 13737. 13737. 13737. 13736.]",7,
93,93,"[13772. 13772. 13772. 13772. 13772. 13772. 13772. 13772. 13772. 13772.
 13772. 13772. 13772. 13772. 13772. 13772. 13772. 13772. 13772. 13772.
 13772. 13772. 13772. 13772. 13772. 13772. 13772. 13772. 13772. 13772.
 13772. 13772. 13772. 13772. 13772. 13772. 13772. 13772. 13772. 13772.
 13772. 13772. 13772. 13772. 13772. 13772. 13772. 13772. 13772. 13772.
 13772. 13772. 13772. 13772. 13772. 13772. 13772. 13772. 13772. 13772.
 13772. 13772. 13772. 13772. 13772. 13772. 13772. 13772. 13771. 13771.
 13771. 13771. 13771. 13771. 13771. 13771. 13770. 13770. 13770. 13769.
 13769. 13768. 13768. 13768. 13767. 13766. 13766. 13765. 13765. 13765.
 13765. 13765. 13765. 13763. 13763. 13763. 13761. 13761. 13761. 13760.
 13760. 13760. 13760. 13760. 13757. 13757. 13757. 13757. 13755. 13755.
 13747. 13747. 13747. 13745. 13744. 13743. 13742. 13742. 13742. 13742.
 13742. 13737. 13737. 13737. 13737. 13737. 13737. 13737. 13736.]",9,
94,94,"[13772. 13772. 13772. 13772. 13772. 13772. 13772. 13772. 13772. 13772.
 13772. 13772. 13772. 13772. 13772. 13772. 13772. 13772. 13772. 13772.
 13772. 13772. 13772. 13772. 13772. 13772. 13772. 13772. 13772. 13772.
 13772. 13772. 13772. 13772. 13772. 13772. 13772. 13772. 13772. 13772.
 13772. 13772. 13772. 13772. 13772. 13772. 13772. 13772. 13772. 13772.
 13772. 13772. 13772. 13772. 13772. 13772. 13772. 13772. 13772. 13772.
 13772. 13772. 13772. 13772. 13772. 13772. 13772. 13772. 13771. 13771.
 13771. 13771. 13771. 13771. 13771. 13771. 13770. 13770. 13770. 13769.
 13769. 13768. 13768. 13768. 13767. 13766. 13766. 13765. 13765. 13765.
 13765. 13765. 13765. 13763. 13763. 13763. 13761. 13761. 13761. 13760.
 13760. 13760. 13760. 13760. 13757. 13757. 13757. 13757. 13755. 13755.
 13747. 13747. 13747. 13745. 13744. 13743. 13742. 13742. 13742. 13742.
 13742. 13737. 13737. 13737. 13737. 13737. 13737. 13737. 13736.]",9,
95,95,"[13772. 13772. 13772. 13772. 13772. 13772. 13772. 13772. 13772. 13772.
 13772. 13772. 13772. 13772. 13772. 13772. 13772. 13772. 13772. 13772.
 13772. 13772. 13772. 13772. 13772. 13772. 13772. 13772. 13772. 13772.
 13772. 13772. 13772. 13772. 13772. 13772. 13772. 13772. 13772. 13772.
 13772. 13772. 13772. 13772. 13772. 13772. 13772. 13772. 13772. 13772.
 13772. 13772. 13772. 13772. 13772. 13772. 13772. 13772. 13772. 13772.
 13772. 13772. 13772. 13772. 13772. 13772. 13772. 13772. 13771. 13771.
 13771. 13771. 13771. 13771. 13771. 13771. 13770. 13770. 13770. 13769.
 13769. 13768. 13768. 13768. 13767. 13766. 13766. 13765. 13765. 13765.
 13765. 13765. 13765. 13763. 13763. 13763. 13761. 13761. 13761. 13760.
 13760. 13760. 13760. 13760. 13757. 13757. 13757. 13757. 13755. 13755.
 13747. 13747. 13747. 13745. 13744. 13743. 13742. 13742. 13742. 13742.
 13742. 13737. 13737. 13737. 13737. 13737. 13737. 13737. 13736.]",9,
96,96,"[13772. 13772. 13772. 13772. 13772. 13772. 13772. 13772. 13772. 13772.
 13772. 13772. 13772. 13772. 13772. 13772. 13772. 13772. 13772. 13772.
 13772. 13772. 13772. 13772. 13772. 13772. 13772. 13772. 13772. 13772.
 13772. 13772. 13772. 13772. 13772. 13772. 13772. 13772. 13772. 13772.
 13772. 13772. 13772. 13772. 13772. 13772. 13772. 13772. 13772. 13772.
 13772. 13772. 13772. 13772. 13772. 13772. 13772. 13772. 13772. 13772.
 13772. 13772. 13772. 13772. 13772. 13772. 13772. 13772. 13771. 13771.
 13771. 13771. 13771. 13771. 13771. 13771. 13770. 13770. 13770. 13769.
 13769. 13768. 13768. 13768. 13767. 13766. 13766. 13765. 13765. 13765.
 13765. 13765. 13765. 13763. 13763. 13763. 13761. 13761. 13761. 13760.
 13760. 13760. 13760. 13760. 13757. 13757. 13757. 13757. 13755. 13755.
 13747. 13747. 13747. 13745. 13744. 13743. 13742. 13742. 13742. 13742.
 13742. 13737. 13737. 13737. 13737. 13737. 13737. 13737. 13736.]",11,
97,97,"[13772. 13772. 13772. 13772. 13772. 13772. 13772. 13772. 13772. 13772.
 13772. 13772. 13772. 13772. 13772. 13772. 13772. 13772. 13772. 13772.
 13772. 13772. 13772. 13772. 13772. 13772. 13772. 13772. 13772. 13772.
 13772. 13772. 13772. 13772. 13772. 13772. 13772. 13772. 13772. 13772.
 13772. 13772. 13772. 13772. 13772. 13772. 13772. 13772. 13772. 13772.
 13772. 13772. 13772. 13772. 13772. 13772. 13772. 13772. 13772. 13772.
 13772. 13772. 13772. 13772. 13772. 13772. 13772. 13772. 13771. 13771.
 13771. 13771. 13771. 13771. 13771. 13771. 13770. 13770. 13770. 13769.
 13769. 13768. 13768. 13768. 13767. 13766. 13766. 13765. 13765. 13765.
 13765. 13765. 13765. 13763. 13763. 13763. 13761. 13761. 13761. 13760.
 13760. 13760. 13760. 13760. 13757. 13757. 13757. 13757. 13755. 13755.
 13747. 13747. 13747. 13745. 13744. 13743. 13742. 13742. 13742. 13742.
 13742. 13737. 13737. 13737. 13737. 13737. 13737. 13737. 13736.]",11,
98,98,"[13772. 13772. 13772. 13772. 13772. 13772. 13772. 13772. 13772. 13772.
 13772. 13772. 13772. 13772. 13772. 13772. 13772. 13772. 13772. 13772.
 13772. 13772. 13772. 13772. 13772. 13772. 13772. 13772. 13772. 13772.
 13772. 13772. 13772. 13772. 13772. 13772. 13772. 13772. 13772. 13772.
 13772. 13772. 13772. 13772. 13772. 13772. 13772. 13772. 13772. 13772.
 13772. 13772. 13772. 13772. 13772. 13772. 13772. 13772. 13772. 13772.
 13772. 13772. 13772. 13772. 13772. 13772. 13772. 13772. 13771. 13771.
 13771. 13771. 13771. 13771. 13771. 13771. 13770. 13770. 13770. 13769.
 13769. 13768. 13768. 13768. 13767. 13766. 13766. 13765. 13765. 13765.
 13765. 13765. 13765. 13763. 13763. 13763. 13761. 13761. 13761. 13760.
 13760. 13760. 13760. 13760. 13757. 13757. 13757. 13757. 13755. 13755.
 13747. 13747. 13747. 13745. 13744. 13743. 13742. 13742. 13742. 13742.
 13742. 13737. 13737. 13737. 13737. 13737. 13737. 13737. 13736.]",11,
99,99,"[13772. 13772. 13772. 13772. 13772. 13772. 13772. 13772. 13772. 13772.
 13772. 13772. 13772. 13772. 13772. 13772. 13772. 13772. 13772. 13772.
 13772. 13772. 13772. 13772. 13772. 13772. 13772. 13772. 13772. 13772.
 13772. 13772. 13772. 13772. 13772. 13772. 13772. 13772. 13772. 13772.
 13772. 13772. 13772. 13772. 13772. 13772. 13772. 13772. 13772. 13772.
 13772. 13772. 13772. 13772. 13772. 13772. 13772. 13772. 13772. 13772.
 13772. 13772. 13772. 13772. 13772. 13772. 13772. 13772. 13771. 13771.
 13771. 13771. 13771. 13771. 13771. 13771. 13770. 13770. 13770. 13769.
 13769. 13768. 13768. 13768. 13767. 13766. 13766. 13765. 13765. 13765.
 13765. 13765. 13765. 13763. 13763. 13763. 13761. 13761. 13761. 13760.
 13760. 13760. 13760. 13760. 13757. 13757. 13757. 13757. 13755. 13755.
 13747. 13747. 13747. 13745. 13744. 13743. 13742. 13742. 13742. 13742.
 13742. 13737. 13737. 13737. 13737. 13737. 13737. 13737. 13736.]",12,
100,100,"[13772. 13772. 13772. 13772. 13772. 13772. 13772. 13772. 13772. 13772.
 13772. 13772. 13772. 13772. 13772. 13772. 13772. 13772. 13772. 13772.
 13772. 13772. 13772. 13772. 13772. 13772. 13772. 13772. 13772. 13772.
 13772. 13772. 13772. 13772. 13772. 13772. 13772. 13772. 13772. 13772.
 13772. 13772. 13772. 13772. 13772. 13772. 13772. 13772. 13772. 13772.
 13772. 13772. 13772. 13772. 13772. 13772. 13772. 13772. 13772. 13772.
 13772. 13772. 13772. 13772. 13772. 13772. 13772. 13772. 13771. 13771.
 13771. 13771. 13771. 13771. 13771. 13771. 13770. 13770. 13770. 13769.
 13769. 13768. 13768. 13768. 13767. 13766. 13766. 13765. 13765. 13765.
 13765. 13765. 13765. 13763. 13763. 13763. 13761. 13761. 13761. 13760.
 13760. 13760. 13760. 13760. 13757. 13757. 13757. 13757. 13755. 13755.
 13747. 13747. 13747. 13745. 13744. 13743. 13742. 13742. 13742. 13742.
 13742. 13737. 13737. 13737. 13737. 13737. 13737. 13737. 13736.]",12,
101,101,"[13772. 13772. 13772. 13772. 13772. 13772. 13772. 13772. 13772. 13772.
 13772. 13772. 13772. 13772. 13772. 13772. 13772. 13772. 13772. 13772.
 13772. 13772. 13772. 13772. 13772. 13772. 13772. 13772. 13772. 13772.
 13772. 13772. 13772. 13772. 13772. 13772. 13772. 13772. 13772. 13772.
 13772. 13772. 13772. 13772. 13772. 13772. 13772. 13772. 13772. 13772.
 13772. 13772. 13772. 13772. 13772. 13772. 13772. 13772. 13772. 13772.
 13772. 13772. 13772. 13772. 13772. 13772. 13772. 13772. 13771. 13771.
 13771. 13771. 13771. 13771. 13771. 13771. 13770. 13770. 13770. 13769.
 13769. 13768. 13768. 13768. 13767. 13766. 13766. 13765. 13765. 13765.
 13765. 13765. 13765. 13763. 13763. 13763. 13761. 13761. 13761. 13760.
 13760. 13760. 13760. 13760. 13757. 13757. 13757. 13757. 13755. 13755.
 13747. 13747. 13747. 13745. 13744. 13743. 13742. 13742. 13742. 13742.
 13742. 13737. 13737. 13737. 13737. 13737. 13737. 13737. 13736.]",12,
102,102,"[13772. 13772. 13772. 13772. 13772. 13772. 13772. 13772. 13772. 13772.
 13772. 13772. 13772. 13772. 13772. 13772. 13772. 13772. 13772. 13772.
 13772. 13772. 13772. 13772. 13772. 13772. 13772. 13772. 13772. 13772.
 13772. 13772. 13772. 13772. 13772. 13772. 13772. 13772. 13772. 13772.
 13772. 13772. 13772. 13772. 13772. 13772. 13772. 13772. 13772. 13772.
 13772. 13772. 13772. 13772. 13772. 13772. 13772. 13772. 13772. 13772.
 13772. 13772. 13772. 13772. 13772. 13772. 13772. 13772. 13771. 13771.
 13771. 13771. 13771. 13771. 13771. 13771. 13770. 13770. 13770. 13769.
 13769. 13768. 13768. 13768. 13767. 13766. 13766. 13765. 13765. 13765.
 13765. 13765. 13765. 13763. 13763. 13763. 13761. 13761. 13761. 13760.
 13760. 13760. 13760. 13760. 13757. 13757. 13757. 13757. 13755. 13755.
 13747. 13747. 13747. 13745. 13744. 13743. 13742. 13742. 13742. 13742.
 13742. 13737. 13737. 13737. 13737. 13737. 13737. 13737. 13736.]",12,
103,103,"[13772. 13772. 13772. 13772. 13772. 13772. 13772. 13772. 13772. 13772.
 13772. 13772. 13772. 13772. 13772. 13772. 13772. 13772. 13772. 13772.
 13772. 13772. 13772. 13772. 13772. 13772. 13772. 13772. 13772. 13772.
 13772. 13772. 13772. 13772. 13772. 13772. 13772. 13772. 13772. 13772.
 13772. 13772. 13772. 13772. 13772. 13772. 13772. 13772. 13772. 13772.
 13772. 13772. 13772. 13772. 13772. 13772. 13772. 13772. 13772. 13772.
 13772. 13772. 13772. 13772. 13772. 13772. 13772. 13772. 13771. 13771.
 13771. 13771. 13771. 13771. 13771. 13771. 13770. 13770. 13770. 13769.
 13769. 13768. 13768. 13768. 13767. 13766. 13766. 13765. 13765. 13765.
 13765. 13765. 13765. 13763. 13763. 13763. 13761. 13761. 13761. 13760.
 13760. 13760. 13760. 13760. 13757. 13757. 13757. 13757. 13755. 13755.
 13747. 13747. 13747. 13745. 13744. 13743. 13742. 13742. 13742. 13742.
 13742. 13737. 13737. 13737. 13737. 13737. 13737. 13737. 13736.]",12,
104,104,"[13772. 13772. 13772. 13772. 13772. 13772. 13772. 13772. 13772. 13772.
 13772. 13772. 13772. 13772. 13772. 13772. 13772. 13772. 13772. 13772.
 13772. 13772. 13772. 13772. 13772. 13772. 13772. 13772. 13772. 13772.
 13772. 13772. 13772. 13772. 13772. 13772. 13772. 13772. 13772. 13772.
 13772. 13772. 13772. 13772. 13772. 13772. 13772. 13772. 13772. 13772.
 13772. 13772. 13772. 13772. 13772. 13772. 13772. 13772. 13772. 13772.
 13772. 13772. 13772. 13772. 13772. 13772. 13772. 13772. 13771. 13771.
 13771. 13771. 13771. 13771. 13771. 13771. 13770. 13770. 13770. 13769.
 13769. 13768. 13768. 13768. 13767. 13766. 13766. 13765. 13765. 13765.
 13765. 13765. 13765. 13763. 13763. 13763. 13761. 13761. 13761. 13760.
 13760. 13760. 13760. 13760. 13757. 13757. 13757. 13757. 13755. 13755.
 13747. 13747. 13747. 13745. 13744. 13743. 13742. 13742. 13742. 13742.
 13742. 13737. 13737. 13737. 13737. 13737. 13737. 13737. 13736.]",15,
105,105,"[13772. 13772. 13772. 13772. 13772. 13772. 13772. 13772. 13772. 13772.
 13772. 13772. 13772. 13772. 13772. 13772. 13772. 13772. 13772. 13772.
 13772. 13772. 13772. 13772. 13772. 13772. 13772. 13772. 13772. 13772.
 13772. 13772. 13772. 13772. 13772. 13772. 13772. 13772. 13772. 13772.
 13772. 13772. 13772. 13772. 13772. 13772. 13772. 13772. 13772. 13772.
 13772. 13772. 13772. 13772. 13772. 13772. 13772. 13772. 13772. 13772.
 13772. 13772. 13772. 13772. 13772. 13772. 13772. 13772. 13771. 13771.
 13771. 13771. 13771. 13771. 13771. 13771. 13770. 13770. 13770. 13769.
 13769. 13768. 13768. 13768. 13767. 13766. 13766. 13765. 13765. 13765.
 13765. 13765. 13765. 13763. 13763. 13763. 13761. 13761. 13761. 13760.
 13760. 13760. 13760. 13760. 13757. 13757. 13757. 13757. 13755. 13755.
 13747. 13747. 13747. 13745. 13744. 13743. 13742. 13742. 13742. 13742.
 13742. 13737. 13737. 13737. 13737. 13737. 13737. 13737. 13736.]",15,
106,106,"[13772. 13772. 13772. 13772. 13772. 13772. 13772. 13772. 13772. 13772.
 13772. 13772. 13772. 13772. 13772. 13772. 13772. 13772. 13772. 13772.
 13772. 13772. 13772. 13772. 13772. 13772. 13772. 13772. 13772. 13772.
 13772. 13772. 13772. 13772. 13772. 13772. 13772. 13772. 13772. 13772.
 13772. 13772. 13772. 13772. 13772. 13772. 13772. 13772. 13772. 13772.
 13772. 13772. 13772. 13772. 13772. 13772. 13772. 13772. 13772. 13772.
 13772. 13772. 13772. 13772. 13772. 13772. 13772. 13772. 13771. 13771.
 13771. 13771. 13771. 13771. 13771. 13771. 13770. 13770. 13770. 13769.
 13769. 13768. 13768. 13768. 13767. 13766. 13766. 13765. 13765. 13765.
 13765. 13765. 13765. 13763. 13763. 13763. 13761. 13761. 13761. 13760.
 13760. 13760. 13760. 13760. 13757. 13757. 13757. 13757. 13755. 13755.
 13747. 13747. 13747. 13745. 13744. 13743. 13742. 13742. 13742. 13742.
 13742. 13737. 13737. 13737. 13737. 13737. 13737. 13737. 13736.]",15,
107,107,"[13772. 13772. 13772. 13772. 13772. 13772. 13772. 13772. 13772. 13772.
 13772. 13772. 13772. 13772. 13772. 13772. 13772. 13772. 13772. 13772.
 13772. 13772. 13772. 13772. 13772. 13772. 13772. 13772. 13772. 13772.
 13772. 13772. 13772. 13772. 13772. 13772. 13772. 13772. 13772. 13772.
 13772. 13772. 13772. 13772. 13772. 13772. 13772. 13772. 13772. 13772.
 13772. 13772. 13772. 13772. 13772. 13772. 13772. 13772. 13772. 13772.
 13772. 13772. 13772. 13772. 13772. 13772. 13772. 13772. 13771. 13771.
 13771. 13771. 13771. 13771. 13771. 13771. 13770. 13770. 13770. 13769.
 13769. 13768. 13768. 13768. 13767. 13766. 13766. 13765. 13765. 13765.
 13765. 13765. 13765. 13763. 13763. 13763. 13761. 13761. 13761. 13760.
 13760. 13760. 13760. 13760. 13757. 13757. 13757. 13757. 13755. 13755.
 13747. 13747. 13747. 13745. 13744. 13743. 13742. 13742. 13742. 13742.
 13742. 13737. 13737. 13737. 13737. 13737. 13737. 13737. 13736.]",15,
108,108,"[13772. 13772. 13772. 13772. 13772. 13772. 13772. 13772. 13772. 13772.
 13772. 13772. 13772. 13772. 13772. 13772. 13772. 13772. 13772. 13772.
 13772. 13772. 13772. 13772. 13772. 13772. 13772. 13772. 13772. 13772.
 13772. 13772. 13772. 13772. 13772. 13772. 13772. 13772. 13772. 13772.
 13772. 13772. 13772. 13772. 13772. 13772. 13772. 13772. 13772. 13772.
 13772. 13772. 13772. 13772. 13772. 13772. 13772. 13772. 13772. 13772.
 13772. 13772. 13772. 13772. 13772. 13772. 13772. 13772. 13771. 13771.
 13771. 13771. 13771. 13771. 13771. 13771. 13770. 13770. 13770. 13769.
 13769. 13768. 13768. 13768. 13767. 13766. 13766. 13765. 13765. 13765.
 13765. 13765. 13765. 13763. 13763. 13763. 13761. 13761. 13761. 13760.
 13760. 13760. 13760. 13760. 13757. 13757. 13757. 13757. 13755. 13755.
 13747. 13747. 13747. 13745. 13744. 13743. 13742. 13742. 13742. 13742.
 13742. 13737. 13737. 13737. 13737. 13737. 13737. 13737. 13736.]",17,
109,109,"[13772. 13772. 13772. 13772. 13772. 13772. 13772. 13772. 13772. 13772.
 13772. 13772. 13772. 13772. 13772. 13772. 13772. 13772. 13772. 13772.
 13772. 13772. 13772. 13772. 13772. 13772. 13772. 13772. 13772. 13772.
 13772. 13772. 13772. 13772. 13772. 13772. 13772. 13772. 13772. 13772.
 13772. 13772. 13772. 13772. 13772. 13772. 13772. 13772. 13772. 13772.
 13772. 13772. 13772. 13772. 13772. 13772. 13772. 13772. 13772. 13772.
 13772. 13772. 13772. 13772. 13772. 13772. 13772. 13772. 13771. 13771.
 13771. 13771. 13771. 13771. 13771. 13771. 13770. 13770. 13770. 13769.
 13769. 13768. 13768. 13768. 13767. 13766. 13766. 13765. 13765. 13765.
 13765. 13765. 13765. 13763. 13763. 13763. 13761. 13761. 13761. 13760.
 13760. 13760. 13760. 13760. 13757. 13757. 13757. 13757. 13755. 13755.
 13747. 13747. 13747. 13745. 13744. 13743. 13742. 13742. 13742. 13742.
 13742. 13737. 13737. 13737. 13737. 13737. 13737. 13737. 13736.]",17,
110,110,"[13772. 13772. 13772. 13772. 13772. 13772. 13772. 13772. 13772. 13772.
 13772. 13772. 13772. 13772. 13772. 13772. 13772. 13772. 13772. 13772.
 13772. 13772. 13772. 13772. 13772. 13772. 13772. 13772. 13772. 13772.
 13772. 13772. 13772. 13772. 13772. 13772. 13772. 13772. 13772. 13772.
 13772. 13772. 13772. 13772. 13772. 13772. 13772. 13772. 13772. 13772.
 13772. 13772. 13772. 13772. 13772. 13772. 13772. 13772. 13772. 13772.
 13772. 13772. 13772. 13772. 13772. 13772. 13772. 13772. 13771. 13771.
 13771. 13771. 13771. 13771. 13771. 13771. 13770. 13770. 13770. 13769.
 13769. 13768. 13768. 13768. 13767. 13766. 13766. 13765. 13765. 13765.
 13765. 13765. 13765. 13763. 13763. 13763. 13761. 13761. 13761. 13760.
 13760. 13760. 13760. 13760. 13757. 13757. 13757. 13757. 13755. 13755.
 13747. 13747. 13747. 13745. 13744. 13743. 13742. 13742. 13742. 13742.
 13742. 13737. 13737. 13737. 13737. 13737. 13737. 13737. 13736.]",25,
111,111,"[13772. 13772. 13772. 13772. 13772. 13772. 13772. 13772. 13772. 13772.
 13772. 13772. 13772. 13772. 13772. 13772. 13772. 13772. 13772. 13772.
 13772. 13772. 13772. 13772. 13772. 13772. 13772. 13772. 13772. 13772.
 13772. 13772. 13772. 13772. 13772. 13772. 13772. 13772. 13772. 13772.
 13772. 13772. 13772. 13772. 13772. 13772. 13772. 13772. 13772. 13772.
 13772. 13772. 13772. 13772. 13772. 13772. 13772. 13772. 13772. 13772.
 13772. 13772. 13772. 13772. 13772. 13772. 13772. 13772. 13771. 13771.
 13771. 13771. 13771. 13771. 13771. 13771. 13770. 13770. 13770. 13769.
 13769. 13768. 13768. 13768. 13767. 13766. 13766. 13765. 13765. 13765.
 13765. 13765. 13765. 13763. 13763. 13763. 13761. 13761. 13761. 13760.
 13760. 13760. 13760. 13760. 13757. 13757. 13757. 13757. 13755. 13755.
 13747. 13747. 13747. 13745. 13744. 13743. 13742. 13742. 13742. 13742.
 13742. 13737. 13737. 13737. 13737. 13737. 13737. 13737. 13736.]",25,
112,112,"[13772. 13772. 13772. 13772. 13772. 13772. 13772. 13772. 13772. 13772.
 13772. 13772. 13772. 13772. 13772. 13772. 13772. 13772. 13772. 13772.
 13772. 13772. 13772. 13772. 13772. 13772. 13772. 13772. 13772. 13772.
 13772. 13772. 13772. 13772. 13772. 13772. 13772. 13772. 13772. 13772.
 13772. 13772. 13772. 13772. 13772. 13772. 13772. 13772. 13772. 13772.
 13772. 13772. 13772. 13772. 13772. 13772. 13772. 13772. 13772. 13772.
 13772. 13772. 13772. 13772. 13772. 13772. 13772. 13772. 13771. 13771.
 13771. 13771. 13771. 13771. 13771. 13771. 13770. 13770. 13770. 13769.
 13769. 13768. 13768. 13768. 13767. 13766. 13766. 13765. 13765. 13765.
 13765. 13765. 13765. 13763. 13763. 13763. 13761. 13761. 13761. 13760.
 13760. 13760. 13760. 13760. 13757. 13757. 13757. 13757. 13755. 13755.
 13747. 13747. 13747. 13745. 13744. 13743. 13742. 13742. 13742. 13742.
 13742. 13737. 13737. 13737. 13737. 13737. 13737. 13737. 13736.]",25,
113,113,"[13772. 13772. 13772. 13772. 13772. 13772. 13772. 13772. 13772. 13772.
 13772. 13772. 13772. 13772. 13772. 13772. 13772. 13772. 13772. 13772.
 13772. 13772. 13772. 13772. 13772. 13772. 13772. 13772. 13772. 13772.
 13772. 13772. 13772. 13772. 13772. 13772. 13772. 13772. 13772. 13772.
 13772. 13772. 13772. 13772. 13772. 13772. 13772. 13772. 13772. 13772.
 13772. 13772. 13772. 13772. 13772. 13772. 13772. 13772. 13772. 13772.
 13772. 13772. 13772. 13772. 13772. 13772. 13772. 13772. 13771. 13771.
 13771. 13771. 13771. 13771. 13771. 13771. 13770. 13770. 13770. 13769.
 13769. 13768. 13768. 13768. 13767. 13766. 13766. 13765. 13765. 13765.
 13765. 13765. 13765. 13763. 13763. 13763. 13761. 13761. 13761. 13760.
 13760. 13760. 13760. 13760. 13757. 13757. 13757. 13757. 13755. 13755.
 13747. 13747. 13747. 13745. 13744. 13743. 13742. 13742. 13742. 13742.
 13742. 13737. 13737. 13737. 13737. 13737. 13737. 13737. 13736.]",27,
114,114,"[13772. 13772. 13772. 13772. 13772. 13772. 13772. 13772. 13772. 13772.
 13772. 13772. 13772. 13772. 13772. 13772. 13772. 13772. 13772. 13772.
 13772. 13772. 13772. 13772. 13772. 13772. 13772. 13772. 13772. 13772.
 13772. 13772. 13772. 13772. 13772. 13772. 13772. 13772. 13772. 13772.
 13772. 13772. 13772. 13772. 13772. 13772. 13772. 13772. 13772. 13772.
 13772. 13772. 13772. 13772. 13772. 13772. 13772. 13772. 13772. 13772.
 13772. 13772. 13772. 13772. 13772. 13772. 13772. 13772. 13771. 13771.
 13771. 13771. 13771. 13771. 13771. 13771. 13770. 13770. 13770. 13769.
 13769. 13768. 13768. 13768. 13767. 13766. 13766. 13765. 13765. 13765.
 13765. 13765. 13765. 13763. 13763. 13763. 13761. 13761. 13761. 13760.
 13760. 13760. 13760. 13760. 13757. 13757. 13757. 13757. 13755. 13755.
 13747. 13747. 13747. 13745. 13744. 13743. 13742. 13742. 13742. 13742.
 13742. 13737. 13737. 13737. 13737. 13737. 13737. 13737. 13736.]",28,
115,115,"[13772. 13772. 13772. 13772. 13772. 13772. 13772. 13772. 13772. 13772.
 13772. 13772. 13772. 13772. 13772. 13772. 13772. 13772. 13772. 13772.
 13772. 13772. 13772. 13772. 13772. 13772. 13772. 13772. 13772. 13772.
 13772. 13772. 13772. 13772. 13772. 13772. 13772. 13772. 13772. 13772.
 13772. 13772. 13772. 13772. 13772. 13772. 13772. 13772. 13772. 13772.
 13772. 13772. 13772. 13772. 13772. 13772. 13772. 13772. 13772. 13772.
 13772. 13772. 13772. 13772. 13772. 13772. 13772. 13772. 13771. 13771.
 13771. 13771. 13771. 13771. 13771. 13771. 13770. 13770. 13770. 13769.
 13769. 13768. 13768. 13768. 13767. 13766. 13766. 13765. 13765. 13765.
 13765. 13765. 13765. 13763. 13763. 13763. 13761. 13761. 13761. 13760.
 13760. 13760. 13760. 13760. 13757. 13757. 13757. 13757. 13755. 13755.
 13747. 13747. 13747. 13745. 13744. 13743. 13742. 13742. 13742. 13742.
 13742. 13737. 13737. 13737. 13737. 13737. 13737. 13737. 13736.]",29,
116,116,"[13772. 13772. 13772. 13772. 13772. 13772. 13772. 13772. 13772. 13772.
 13772. 13772. 13772. 13772. 13772. 13772. 13772. 13772. 13772. 13772.
 13772. 13772. 13772. 13772. 13772. 13772. 13772. 13772. 13772. 13772.
 13772. 13772. 13772. 13772. 13772. 13772. 13772. 13772. 13772. 13772.
 13772. 13772. 13772. 13772. 13772. 13772. 13772. 13772. 13772. 13772.
 13772. 13772. 13772. 13772. 13772. 13772. 13772. 13772. 13772. 13772.
 13772. 13772. 13772. 13772. 13772. 13772. 13772. 13772. 13771. 13771.
 13771. 13771. 13771. 13771. 13771. 13771. 13770. 13770. 13770. 13769.
 13769. 13768. 13768. 13768. 13767. 13766. 13766. 13765. 13765. 13765.
 13765. 13765. 13765. 13763. 13763. 13763. 13761. 13761. 13761. 13760.
 13760. 13760. 13760. 13760. 13757. 13757. 13757. 13757. 13755. 13755.
 13747. 13747. 13747. 13745. 13744. 13743. 13742. 13742. 13742. 13742.
 13742. 13737. 13737. 13737. 13737. 13737. 13737. 13737. 13736.]",30,
117,117,"[13772. 13772. 13772. 13772. 13772. 13772. 13772. 13772. 13772. 13772.
 13772. 13772. 13772. 13772. 13772. 13772. 13772. 13772. 13772. 13772.
 13772. 13772. 13772. 13772. 13772. 13772. 13772. 13772. 13772. 13772.
 13772. 13772. 13772. 13772. 13772. 13772. 13772. 13772. 13772. 13772.
 13772. 13772. 13772. 13772. 13772. 13772. 13772. 13772. 13772. 13772.
 13772. 13772. 13772. 13772. 13772. 13772. 13772. 13772. 13772. 13772.
 13772. 13772. 13772. 13772. 13772. 13772. 13772. 13772. 13771. 13771.
 13771. 13771. 13771. 13771. 13771. 13771. 13770. 13770. 13770. 13769.
 13769. 13768. 13768. 13768. 13767. 13766. 13766. 13765. 13765. 13765.
 13765. 13765. 13765. 13763. 13763. 13763. 13761. 13761. 13761. 13760.
 13760. 13760. 13760. 13760. 13757. 13757. 13757. 13757. 13755. 13755.
 13747. 13747. 13747. 13745. 13744. 13743. 13742. 13742. 13742. 13742.
 13742. 13737. 13737. 13737. 13737. 13737. 13737. 13737. 13736.]",30,
118,118,"[13772. 13772. 13772. 13772. 13772. 13772. 13772. 13772. 13772. 13772.
 13772. 13772. 13772. 13772. 13772. 13772. 13772. 13772. 13772. 13772.
 13772. 13772. 13772. 13772. 13772. 13772. 13772. 13772. 13772. 13772.
 13772. 13772. 13772. 13772. 13772. 13772. 13772. 13772. 13772. 13772.
 13772. 13772. 13772. 13772. 13772. 13772. 13772. 13772. 13772. 13772.
 13772. 13772. 13772. 13772. 13772. 13772. 13772. 13772. 13772. 13772.
 13772. 13772. 13772. 13772. 13772. 13772. 13772. 13772. 13771. 13771.
 13771. 13771. 13771. 13771. 13771. 13771. 13770. 13770. 13770. 13769.
 13769. 13768. 13768. 13768. 13767. 13766. 13766. 13765. 13765. 13765.
 13765. 13765. 13765. 13763. 13763. 13763. 13761. 13761. 13761. 13760.
 13760. 13760. 13760. 13760. 13757. 13757. 13757. 13757. 13755. 13755.
 13747. 13747. 13747. 13745. 13744. 13743. 13742. 13742. 13742. 13742.
 13742. 13737. 13737. 13737. 13737. 13737. 13737. 13737. 13736.]",30,
119,119,"[13772. 13772. 13772. 13772. 13772. 13772. 13772. 13772. 13772. 13772.
 13772. 13772. 13772. 13772. 13772. 13772. 13772. 13772. 13772. 13772.
 13772. 13772. 13772. 13772. 13772. 13772. 13772. 13772. 13772. 13772.
 13772. 13772. 13772. 13772. 13772. 13772. 13772. 13772. 13772. 13772.
 13772. 13772. 13772. 13772. 13772. 13772. 13772. 13772. 13772. 13772.
 13772. 13772. 13772. 13772. 13772. 13772. 13772. 13772. 13772. 13772.
 13772. 13772. 13772. 13772. 13772. 13772. 13772. 13772. 13771. 13771.
 13771. 13771. 13771. 13771. 13771. 13771. 13770. 13770. 13770. 13769.
 13769. 13768. 13768. 13768. 13767. 13766. 13766. 13765. 13765. 13765.
 13765. 13765. 13765. 13763. 13763. 13763. 13761. 13761. 13761. 13760.
 13760. 13760. 13760. 13760. 13757. 13757. 13757. 13757. 13755. 13755.
 13747. 13747. 13747. 13745. 13744. 13743. 13742. 13742. 13742. 13742.
 13742. 13737. 13737. 13737. 13737. 13737. 13737. 13737. 13736.]",30,
120,120,"[13772. 13772. 13772. 13772. 13772. 13772. 13772. 13772. 13772. 13772.
 13772. 13772. 13772. 13772. 13772. 13772. 13772. 13772. 13772. 13772.
 13772. 13772. 13772. 13772. 13772. 13772. 13772. 13772. 13772. 13772.
 13772. 13772. 13772. 13772. 13772. 13772. 13772. 13772. 13772. 13772.
 13772. 13772. 13772. 13772. 13772. 13772. 13772. 13772. 13772. 13772.
 13772. 13772. 13772. 13772. 13772. 13772. 13772. 13772. 13772. 13772.
 13772. 13772. 13772. 13772. 13772. 13772. 13772. 13772. 13771. 13771.
 13771. 13771. 13771. 13771. 13771. 13771. 13770. 13770. 13770. 13769.
 13769. 13768. 13768. 13768. 13767. 13766. 13766. 13765. 13765. 13765.
 13765. 13765. 13765. 13763. 13763. 13763. 13761. 13761. 13761. 13760.
 13760. 13760. 13760. 13760. 13757. 13757. 13757. 13757. 13755. 13755.
 13747. 13747. 13747. 13745. 13744. 13743. 13742. 13742. 13742. 13742.
 13742. 13737. 13737. 13737. 13737. 13737. 13737. 13737. 13736.]",30,
121,121,"[13772. 13772. 13772. 13772. 13772. 13772. 13772. 13772. 13772. 13772.
 13772. 13772. 13772. 13772. 13772. 13772. 13772. 13772. 13772. 13772.
 13772. 13772. 13772. 13772. 13772. 13772. 13772. 13772. 13772. 13772.
 13772. 13772. 13772. 13772. 13772. 13772. 13772. 13772. 13772. 13772.
 13772. 13772. 13772. 13772. 13772. 13772. 13772. 13772. 13772. 13772.
 13772. 13772. 13772. 13772. 13772. 13772. 13772. 13772. 13772. 13772.
 13772. 13772. 13772. 13772. 13772. 13772. 13772. 13772. 13771. 13771.
 13771. 13771. 13771. 13771. 13771. 13771. 13770. 13770. 13770. 13769.
 13769. 13768. 13768. 13768. 13767. 13766. 13766. 13765. 13765. 13765.
 13765. 13765. 13765. 13763. 13763. 13763. 13761. 13761. 13761. 13760.
 13760. 13760. 13760. 13760. 13757. 13757. 13757. 13757. 13755. 13755.
 13747. 13747. 13747. 13745. 13744. 13743. 13742. 13742. 13742. 13742.
 13742. 13737. 13737. 13737. 13737. 13737. 13737. 13737. 13736.]",35,
122,122,"[13772. 13772. 13772. 13772. 13772. 13772. 13772. 13772. 13772. 13772.
 13772. 13772. 13772. 13772. 13772. 13772. 13772. 13772. 13772. 13772.
 13772. 13772. 13772. 13772. 13772. 13772. 13772. 13772. 13772. 13772.
 13772. 13772. 13772. 13772. 13772. 13772. 13772. 13772. 13772. 13772.
 13772. 13772. 13772. 13772. 13772. 13772. 13772. 13772. 13772. 13772.
 13772. 13772. 13772. 13772. 13772. 13772. 13772. 13772. 13772. 13772.
 13772. 13772. 13772. 13772. 13772. 13772. 13772. 13772. 13771. 13771.
 13771. 13771. 13771. 13771. 13771. 13771. 13770. 13770. 13770. 13769.
 13769. 13768. 13768. 13768. 13767. 13766. 13766. 13765. 13765. 13765.
 13765. 13765. 13765. 13763. 13763. 13763. 13761. 13761. 13761. 13760.
 13760. 13760. 13760. 13760. 13757. 13757. 13757. 13757. 13755. 13755.
 13747. 13747. 13747. 13745. 13744. 13743. 13742. 13742. 13742. 13742.
 13742. 13737. 13737. 13737. 13737. 13737. 13737. 13737. 13736.]",35,
123,123,"[13772. 13772. 13772. 13772. 13772. 13772. 13772. 13772. 13772. 13772.
 13772. 13772. 13772. 13772. 13772. 13772. 13772. 13772. 13772. 13772.
 13772. 13772. 13772. 13772. 13772. 13772. 13772. 13772. 13772. 13772.
 13772. 13772. 13772. 13772. 13772. 13772. 13772. 13772. 13772. 13772.
 13772. 13772. 13772. 13772. 13772. 13772. 13772. 13772. 13772. 13772.
 13772. 13772. 13772. 13772. 13772. 13772. 13772. 13772. 13772. 13772.
 13772. 13772. 13772. 13772. 13772. 13772. 13772. 13772. 13771. 13771.
 13771. 13771. 13771. 13771. 13771. 13771. 13770. 13770. 13770. 13769.
 13769. 13768. 13768. 13768. 13767. 13766. 13766. 13765. 13765. 13765.
 13765. 13765. 13765. 13763. 13763. 13763. 13761. 13761. 13761. 13760.
 13760. 13760. 13760. 13760. 13757. 13757. 13757. 13757. 13755. 13755.
 13747. 13747. 13747. 13745. 13744. 13743. 13742. 13742. 13742. 13742.
 13742. 13737. 13737. 13737. 13737. 13737. 13737. 13737. 13736.]",35,
124,124,"[13772. 13772. 13772. 13772. 13772. 13772. 13772. 13772. 13772. 13772.
 13772. 13772. 13772. 13772. 13772. 13772. 13772. 13772. 13772. 13772.
 13772. 13772. 13772. 13772. 13772. 13772. 13772. 13772. 13772. 13772.
 13772. 13772. 13772. 13772. 13772. 13772. 13772. 13772. 13772. 13772.
 13772. 13772. 13772. 13772. 13772. 13772. 13772. 13772. 13772. 13772.
 13772. 13772. 13772. 13772. 13772. 13772. 13772. 13772. 13772. 13772.
 13772. 13772. 13772. 13772. 13772. 13772. 13772. 13772. 13771. 13771.
 13771. 13771. 13771. 13771. 13771. 13771. 13770. 13770. 13770. 13769.
 13769. 13768. 13768. 13768. 13767. 13766. 13766. 13765. 13765. 13765.
 13765. 13765. 13765. 13763. 13763. 13763. 13761. 13761. 13761. 13760.
 13760. 13760. 13760. 13760. 13757. 13757. 13757. 13757. 13755. 13755.
 13747. 13747. 13747. 13745. 13744. 13743. 13742. 13742. 13742. 13742.
 13742. 13737. 13737. 13737. 13737. 13737. 13737. 13737. 13736.]",35,
125,125,"[13772. 13772. 13772. 13772. 13772. 13772. 13772. 13772. 13772. 13772.
 13772. 13772. 13772. 13772. 13772. 13772. 13772. 13772. 13772. 13772.
 13772. 13772. 13772. 13772. 13772. 13772. 13772. 13772. 13772. 13772.
 13772. 13772. 13772. 13772. 13772. 13772. 13772. 13772. 13772. 13772.
 13772. 13772. 13772. 13772. 13772. 13772. 13772. 13772. 13772. 13772.
 13772. 13772. 13772. 13772. 13772. 13772. 13772. 13772. 13772. 13772.
 13772. 13772. 13772. 13772. 13772. 13772. 13772. 13772. 13771. 13771.
 13771. 13771. 13771. 13771. 13771. 13771. 13770. 13770. 13770. 13769.
 13769. 13768. 13768. 13768. 13767. 13766. 13766. 13765. 13765. 13765.
 13765. 13765. 13765. 13763. 13763. 13763. 13761. 13761. 13761. 13760.
 13760. 13760. 13760. 13760. 13757. 13757. 13757. 13757. 13755. 13755.
 13747. 13747. 13747. 13745. 13744. 13743. 13742. 13742. 13742. 13742.
 13742. 13737. 13737. 13737. 13737. 13737. 13737. 13737. 13736.]",35,
126,126,"[13772. 13772. 13772. 13772. 13772. 13772. 13772. 13772. 13772. 13772.
 13772. 13772. 13772. 13772. 13772. 13772. 13772. 13772. 13772. 13772.
 13772. 13772. 13772. 13772. 13772. 13772. 13772. 13772. 13772. 13772.
 13772. 13772. 13772. 13772. 13772. 13772. 13772. 13772. 13772. 13772.
 13772. 13772. 13772. 13772. 13772. 13772. 13772. 13772. 13772. 13772.
 13772. 13772. 13772. 13772. 13772. 13772. 13772. 13772. 13772. 13772.
 13772. 13772. 13772. 13772. 13772. 13772. 13772. 13772. 13771. 13771.
 13771. 13771. 13771. 13771. 13771. 13771. 13770. 13770. 13770. 13769.
 13769. 13768. 13768. 13768. 13767. 13766. 13766. 13765. 13765. 13765.
 13765. 13765. 13765. 13763. 13763. 13763. 13761. 13761. 13761. 13760.
 13760. 13760. 13760. 13760. 13757. 13757. 13757. 13757. 13755. 13755.
 13747. 13747. 13747. 13745. 13744. 13743. 13742. 13742. 13742. 13742.
 13742. 13737. 13737. 13737. 13737. 13737. 13737. 13737. 13736.]",35,
127,127,"[13772. 13772. 13772. 13772. 13772. 13772. 13772. 13772. 13772. 13772.
 13772. 13772. 13772. 13772. 13772. 13772. 13772. 13772. 13772. 13772.
 13772. 13772. 13772. 13772. 13772. 13772. 13772. 13772. 13772. 13772.
 13772. 13772. 13772. 13772. 13772. 13772. 13772. 13772. 13772. 13772.
 13772. 13772. 13772. 13772. 13772. 13772. 13772. 13772. 13772. 13772.
 13772. 13772. 13772. 13772. 13772. 13772. 13772. 13772. 13772. 13772.
 13772. 13772. 13772. 13772. 13772. 13772. 13772. 13772. 13771. 13771.
 13771. 13771. 13771. 13771. 13771. 13771. 13770. 13770. 13770. 13769.
 13769. 13768. 13768. 13768. 13767. 13766. 13766. 13765. 13765. 13765.
 13765. 13765. 13765. 13763. 13763. 13763. 13761. 13761. 13761. 13760.
 13760. 13760. 13760. 13760. 13757. 13757. 13757. 13757. 13755. 13755.
 13747. 13747. 13747. 13745. 13744. 13743. 13742. 13742. 13742. 13742.
 13742. 13737. 13737. 13737. 13737. 13737. 13737. 13737. 13736.]",35,
128,128,"[13772. 13772. 13772. 13772. 13772. 13772. 13772. 13772. 13772. 13772.
 13772. 13772. 13772. 13772. 13772. 13772. 13772. 13772. 13772. 13772.
 13772. 13772. 13772. 13772. 13772. 13772. 13772. 13772. 13772. 13772.
 13772. 13772. 13772. 13772. 13772. 13772. 13772. 13772. 13772. 13772.
 13772. 13772. 13772. 13772. 13772. 13772. 13772. 13772. 13772. 13772.
 13772. 13772. 13772. 13772. 13772. 13772. 13772. 13772. 13772. 13772.
 13772. 13772. 13772. 13772. 13772. 13772. 13772. 13772. 13771. 13771.
 13771. 13771. 13771. 13771. 13771. 13771. 13770. 13770. 13770. 13769.
 13769. 13768. 13768. 13768. 13767. 13766. 13766. 13765. 13765. 13765.
 13765. 13765. 13765. 13763. 13763. 13763. 13761. 13761. 13761. 13760.
 13760. 13760. 13760. 13760. 13757. 13757. 13757. 13757. 13755. 13755.
 13747. 13747. 13747. 13745. 13744. 13743. 13742. 13742. 13742. 13742.
 13742. 13737. 13737. 13737. 13737. 13737. 13737. 13737. 13736.]",36,
