,Days,S,I,R
0,0,"[27297. 27297. 27297. 27297. 27297. 27297. 27297. 27297. 27297. 27297.
 27297. 27297. 27297. 27297. 27297. 27297. 27297. 27297. 27297. 27297.
 27297. 27297. 27297. 27297. 27297. 27297. 27297. 27297. 27297. 27297.
 27297. 27297. 27297. 27297. 27297. 27297. 27297. 27297. 27297. 27297.
 27297. 27297. 27297. 27297. 27297. 27297. 27297. 27297. 27297. 27297.
 27297. 27297. 27297. 27297. 27297. 27297. 27297. 27296. 27296. 27295.
 27294. 27294. 27294. 27292. 27292. 27291. 27291. 27290. 27289. 27289.
 27289. 27289. 27286. 27286. 27283. 27279. 27275. 27276. 27275. 27274.
 27273. 27272. 27271. 27271. 27270. 27265. 27263. 27263. 27263. 27260.
 27260. 27260. 27259. 27258. 27258. 27258. 27256. 27251. 27250. 27249.
 27243. 27240. 27240. 27236. 27235. 27234. 27234. 27233. 27233. 27232.
 27231. 27227. 27226. 27226. 27226. 27226. 27226. 27226. 27225. 27225.
 27225. 27224. 27224. 27224. 27224. 27224. 27223. 27223. 27221.]",0,
1,1,"[27297. 27297. 27297. 27297. 27297. 27297. 27297. 27297. 27297. 27297.
 27297. 27297. 27297. 27297. 27297. 27297. 27297. 27297. 27297. 27297.
 27297. 27297. 27297. 27297. 27297. 27297. 27297. 27297. 27297. 27297.
 27297. 27297. 27297. 27297. 27297. 27297. 27297. 27297. 27297. 27297.
 27297. 27297. 27297. 27297. 27297. 27297. 27297. 27297. 27297. 27297.
 27297. 27297. 27297. 27297. 27297. 27297. 27297. 27296. 27296. 27295.
 27294. 27294. 27294. 27292. 27292. 27291. 27291. 27290. 27289. 27289.
 27289. 27289. 27286. 27286. 27283. 27279. 27275. 27276. 27275. 27274.
 27273. 27272. 27271. 27271. 27270. 27265. 27263. 27263. 27263. 27260.
 27260. 27260. 27259. 27258. 27258. 27258. 27256. 27251. 27250. 27249.
 27243. 27240. 27240. 27236. 27235. 27234. 27234. 27233. 27233. 27232.
 27231. 27227. 27226. 27226. 27226. 27226. 27226. 27226. 27225. 27225.
 27225. 27224. 27224. 27224. 27224. 27224. 27223. 27223. 27221.]",0,
2,2,"[27297. 27297. 27297. 27297. 27297. 27297. 27297. 27297. 27297. 27297.
 27297. 27297. 27297. 27297. 27297. 27297. 27297. 27297. 27297. 27297.
 27297. 27297. 27297. 27297. 27297. 27297. 27297. 27297. 27297. 27297.
 27297. 27297. 27297. 27297. 27297. 27297. 27297. 27297. 27297. 27297.
 27297. 27297. 27297. 27297. 27297. 27297. 27297. 27297. 27297. 27297.
 27297. 27297. 27297. 27297. 27297. 27297. 27297. 27296. 27296. 27295.
 27294. 27294. 27294. 27292. 27292. 27291. 27291. 27290. 27289. 27289.
 27289. 27289. 27286. 27286. 27283. 27279. 27275. 27276. 27275. 27274.
 27273. 27272. 27271. 27271. 27270. 27265. 27263. 27263. 27263. 27260.
 27260. 27260. 27259. 27258. 27258. 27258. 27256. 27251. 27250. 27249.
 27243. 27240. 27240. 27236. 27235. 27234. 27234. 27233. 27233. 27232.
 27231. 27227. 27226. 27226. 27226. 27226. 27226. 27226. 27225. 27225.
 27225. 27224. 27224. 27224. 27224. 27224. 27223. 27223. 27221.]",0,
3,3,"[27297. 27297. 27297. 27297. 27297. 27297. 27297. 27297. 27297. 27297.
 27297. 27297. 27297. 27297. 27297. 27297. 27297. 27297. 27297. 27297.
 27297. 27297. 27297. 27297. 27297. 27297. 27297. 27297. 27297. 27297.
 27297. 27297. 27297. 27297. 27297. 27297. 27297. 27297. 27297. 27297.
 27297. 27297. 27297. 27297. 27297. 27297. 27297. 27297. 27297. 27297.
 27297. 27297. 27297. 27297. 27297. 27297. 27297. 27296. 27296. 27295.
 27294. 27294. 27294. 27292. 27292. 27291. 27291. 27290. 27289. 27289.
 27289. 27289. 27286. 27286. 27283. 27279. 27275. 27276. 27275. 27274.
 27273. 27272. 27271. 27271. 27270. 27265. 27263. 27263. 27263. 27260.
 27260. 27260. 27259. 27258. 27258. 27258. 27256. 27251. 27250. 27249.
 27243. 27240. 27240. 27236. 27235. 27234. 27234. 27233. 27233. 27232.
 27231. 27227. 27226. 27226. 27226. 27226. 27226. 27226. 27225. 27225.
 27225. 27224. 27224. 27224. 27224. 27224. 27223. 27223. 27221.]",0,
4,4,"[27297. 27297. 27297. 27297. 27297. 27297. 27297. 27297. 27297. 27297.
 27297. 27297. 27297. 27297. 27297. 27297. 27297. 27297. 27297. 27297.
 27297. 27297. 27297. 27297. 27297. 27297. 27297. 27297. 27297. 27297.
 27297. 27297. 27297. 27297. 27297. 27297. 27297. 27297. 27297. 27297.
 27297. 27297. 27297. 27297. 27297. 27297. 27297. 27297. 27297. 27297.
 27297. 27297. 27297. 27297. 27297. 27297. 27297. 27296. 27296. 27295.
 27294. 27294. 27294. 27292. 27292. 27291. 27291. 27290. 27289. 27289.
 27289. 27289. 27286. 27286. 27283. 27279. 27275. 27276. 27275. 27274.
 27273. 27272. 27271. 27271. 27270. 27265. 27263. 27263. 27263. 27260.
 27260. 27260. 27259. 27258. 27258. 27258. 27256. 27251. 27250. 27249.
 27243. 27240. 27240. 27236. 27235. 27234. 27234. 27233. 27233. 27232.
 27231. 27227. 27226. 27226. 27226. 27226. 27226. 27226. 27225. 27225.
 27225. 27224. 27224. 27224. 27224. 27224. 27223. 27223. 27221.]",0,
5,5,"[27297. 27297. 27297. 27297. 27297. 27297. 27297. 27297. 27297. 27297.
 27297. 27297. 27297. 27297. 27297. 27297. 27297. 27297. 27297. 27297.
 27297. 27297. 27297. 27297. 27297. 27297. 27297. 27297. 27297. 27297.
 27297. 27297. 27297. 27297. 27297. 27297. 27297. 27297. 27297. 27297.
 27297. 27297. 27297. 27297. 27297. 27297. 27297. 27297. 27297. 27297.
 27297. 27297. 27297. 27297. 27297. 27297. 27297. 27296. 27296. 27295.
 27294. 27294. 27294. 27292. 27292. 27291. 27291. 27290. 27289. 27289.
 27289. 27289. 27286. 27286. 27283. 27279. 27275. 27276. 27275. 27274.
 27273. 27272. 27271. 27271. 27270. 27265. 27263. 27263. 27263. 27260.
 27260. 27260. 27259. 27258. 27258. 27258. 27256. 27251. 27250. 27249.
 27243. 27240. 27240. 27236. 27235. 27234. 27234. 27233. 27233. 27232.
 27231. 27227. 27226. 27226. 27226. 27226. 27226. 27226. 27225. 27225.
 27225. 27224. 27224. 27224. 27224. 27224. 27223. 27223. 27221.]",0,
6,6,"[27297. 27297. 27297. 27297. 27297. 27297. 27297. 27297. 27297. 27297.
 27297. 27297. 27297. 27297. 27297. 27297. 27297. 27297. 27297. 27297.
 27297. 27297. 27297. 27297. 27297. 27297. 27297. 27297. 27297. 27297.
 27297. 27297. 27297. 27297. 27297. 27297. 27297. 27297. 27297. 27297.
 27297. 27297. 27297. 27297. 27297. 27297. 27297. 27297. 27297. 27297.
 27297. 27297. 27297. 27297. 27297. 27297. 27297. 27296. 27296. 27295.
 27294. 27294. 27294. 27292. 27292. 27291. 27291. 27290. 27289. 27289.
 27289. 27289. 27286. 27286. 27283. 27279. 27275. 27276. 27275. 27274.
 27273. 27272. 27271. 27271. 27270. 27265. 27263. 27263. 27263. 27260.
 27260. 27260. 27259. 27258. 27258. 27258. 27256. 27251. 27250. 27249.
 27243. 27240. 27240. 27236. 27235. 27234. 27234. 27233. 27233. 27232.
 27231. 27227. 27226. 27226. 27226. 27226. 27226. 27226. 27225. 27225.
 27225. 27224. 27224. 27224. 27224. 27224. 27223. 27223. 27221.]",0,
7,7,"[27297. 27297. 27297. 27297. 27297. 27297. 27297. 27297. 27297. 27297.
 27297. 27297. 27297. 27297. 27297. 27297. 27297. 27297. 27297. 27297.
 27297. 27297. 27297. 27297. 27297. 27297. 27297. 27297. 27297. 27297.
 27297. 27297. 27297. 27297. 27297. 27297. 27297. 27297. 27297. 27297.
 27297. 27297. 27297. 27297. 27297. 27297. 27297. 27297. 27297. 27297.
 27297. 27297. 27297. 27297. 27297. 27297. 27297. 27296. 27296. 27295.
 27294. 27294. 27294. 27292. 27292. 27291. 27291. 27290. 27289. 27289.
 27289. 27289. 27286. 27286. 27283. 27279. 27275. 27276. 27275. 27274.
 27273. 27272. 27271. 27271. 27270. 27265. 27263. 27263. 27263. 27260.
 27260. 27260. 27259. 27258. 27258. 27258. 27256. 27251. 27250. 27249.
 27243. 27240. 27240. 27236. 27235. 27234. 27234. 27233. 27233. 27232.
 27231. 27227. 27226. 27226. 27226. 27226. 27226. 27226. 27225. 27225.
 27225. 27224. 27224. 27224. 27224. 27224. 27223. 27223. 27221.]",0,
8,8,"[27297. 27297. 27297. 27297. 27297. 27297. 27297. 27297. 27297. 27297.
 27297. 27297. 27297. 27297. 27297. 27297. 27297. 27297. 27297. 27297.
 27297. 27297. 27297. 27297. 27297. 27297. 27297. 27297. 27297. 27297.
 27297. 27297. 27297. 27297. 27297. 27297. 27297. 27297. 27297. 27297.
 27297. 27297. 27297. 27297. 27297. 27297. 27297. 27297. 27297. 27297.
 27297. 27297. 27297. 27297. 27297. 27297. 27297. 27296. 27296. 27295.
 27294. 27294. 27294. 27292. 27292. 27291. 27291. 27290. 27289. 27289.
 27289. 27289. 27286. 27286. 27283. 27279. 27275. 27276. 27275. 27274.
 27273. 27272. 27271. 27271. 27270. 27265. 27263. 27263. 27263. 27260.
 27260. 27260. 27259. 27258. 27258. 27258. 27256. 27251. 27250. 27249.
 27243. 27240. 27240. 27236. 27235. 27234. 27234. 27233. 27233. 27232.
 27231. 27227. 27226. 27226. 27226. 27226. 27226. 27226. 27225. 27225.
 27225. 27224. 27224. 27224. 27224. 27224. 27223. 27223. 27221.]",0,
9,9,"[27297. 27297. 27297. 27297. 27297. 27297. 27297. 27297. 27297. 27297.
 27297. 27297. 27297. 27297. 27297. 27297. 27297. 27297. 27297. 27297.
 27297. 27297. 27297. 27297. 27297. 27297. 27297. 27297. 27297. 27297.
 27297. 27297. 27297. 27297. 27297. 27297. 27297. 27297. 27297. 27297.
 27297. 27297. 27297. 27297. 27297. 27297. 27297. 27297. 27297. 27297.
 27297. 27297. 27297. 27297. 27297. 27297. 27297. 27296. 27296. 27295.
 27294. 27294. 27294. 27292. 27292. 27291. 27291. 27290. 27289. 27289.
 27289. 27289. 27286. 27286. 27283. 27279. 27275. 27276. 27275. 27274.
 27273. 27272. 27271. 27271. 27270. 27265. 27263. 27263. 27263. 27260.
 27260. 27260. 27259. 27258. 27258. 27258. 27256. 27251. 27250. 27249.
 27243. 27240. 27240. 27236. 27235. 27234. 27234. 27233. 27233. 27232.
 27231. 27227. 27226. 27226. 27226. 27226. 27226. 27226. 27225. 27225.
 27225. 27224. 27224. 27224. 27224. 27224. 27223. 27223. 27221.]",0,
10,10,"[27297. 27297. 27297. 27297. 27297. 27297. 27297. 27297. 27297. 27297.
 27297. 27297. 27297. 27297. 27297. 27297. 27297. 27297. 27297. 27297.
 27297. 27297. 27297. 27297. 27297. 27297. 27297. 27297. 27297. 27297.
 27297. 27297. 27297. 27297. 27297. 27297. 27297. 27297. 27297. 27297.
 27297. 27297. 27297. 27297. 27297. 27297. 27297. 27297. 27297. 27297.
 27297. 27297. 27297. 27297. 27297. 27297. 27297. 27296. 27296. 27295.
 27294. 27294. 27294. 27292. 27292. 27291. 27291. 27290. 27289. 27289.
 27289. 27289. 27286. 27286. 27283. 27279. 27275. 27276. 27275. 27274.
 27273. 27272. 27271. 27271. 27270. 27265. 27263. 27263. 27263. 27260.
 27260. 27260. 27259. 27258. 27258. 27258. 27256. 27251. 27250. 27249.
 27243. 27240. 27240. 27236. 27235. 27234. 27234. 27233. 27233. 27232.
 27231. 27227. 27226. 27226. 27226. 27226. 27226. 27226. 27225. 27225.
 27225. 27224. 27224. 27224. 27224. 27224. 27223. 27223. 27221.]",0,
11,11,"[27297. 27297. 27297. 27297. 27297. 27297. 27297. 27297. 27297. 27297.
 27297. 27297. 27297. 27297. 27297. 27297. 27297. 27297. 27297. 27297.
 27297. 27297. 27297. 27297. 27297. 27297. 27297. 27297. 27297. 27297.
 27297. 27297. 27297. 27297. 27297. 27297. 27297. 27297. 27297. 27297.
 27297. 27297. 27297. 27297. 27297. 27297. 27297. 27297. 27297. 27297.
 27297. 27297. 27297. 27297. 27297. 27297. 27297. 27296. 27296. 27295.
 27294. 27294. 27294. 27292. 27292. 27291. 27291. 27290. 27289. 27289.
 27289. 27289. 27286. 27286. 27283. 27279. 27275. 27276. 27275. 27274.
 27273. 27272. 27271. 27271. 27270. 27265. 27263. 27263. 27263. 27260.
 27260. 27260. 27259. 27258. 27258. 27258. 27256. 27251. 27250. 27249.
 27243. 27240. 27240. 27236. 27235. 27234. 27234. 27233. 27233. 27232.
 27231. 27227. 27226. 27226. 27226. 27226. 27226. 27226. 27225. 27225.
 27225. 27224. 27224. 27224. 27224. 27224. 27223. 27223. 27221.]",0,
12,12,"[27297. 27297. 27297. 27297. 27297. 27297. 27297. 27297. 27297. 27297.
 27297. 27297. 27297. 27297. 27297. 27297. 27297. 27297. 27297. 27297.
 27297. 27297. 27297. 27297. 27297. 27297. 27297. 27297. 27297. 27297.
 27297. 27297. 27297. 27297. 27297. 27297. 27297. 27297. 27297. 27297.
 27297. 27297. 27297. 27297. 27297. 27297. 27297. 27297. 27297. 27297.
 27297. 27297. 27297. 27297. 27297. 27297. 27297. 27296. 27296. 27295.
 27294. 27294. 27294. 27292. 27292. 27291. 27291. 27290. 27289. 27289.
 27289. 27289. 27286. 27286. 27283. 27279. 27275. 27276. 27275. 27274.
 27273. 27272. 27271. 27271. 27270. 27265. 27263. 27263. 27263. 27260.
 27260. 27260. 27259. 27258. 27258. 27258. 27256. 27251. 27250. 27249.
 27243. 27240. 27240. 27236. 27235. 27234. 27234. 27233. 27233. 27232.
 27231. 27227. 27226. 27226. 27226. 27226. 27226. 27226. 27225. 27225.
 27225. 27224. 27224. 27224. 27224. 27224. 27223. 27223. 27221.]",0,
13,13,"[27297. 27297. 27297. 27297. 27297. 27297. 27297. 27297. 27297. 27297.
 27297. 27297. 27297. 27297. 27297. 27297. 27297. 27297. 27297. 27297.
 27297. 27297. 27297. 27297. 27297. 27297. 27297. 27297. 27297. 27297.
 27297. 27297. 27297. 27297. 27297. 27297. 27297. 27297. 27297. 27297.
 27297. 27297. 27297. 27297. 27297. 27297. 27297. 27297. 27297. 27297.
 27297. 27297. 27297. 27297. 27297. 27297. 27297. 27296. 27296. 27295.
 27294. 27294. 27294. 27292. 27292. 27291. 27291. 27290. 27289. 27289.
 27289. 27289. 27286. 27286. 27283. 27279. 27275. 27276. 27275. 27274.
 27273. 27272. 27271. 27271. 27270. 27265. 27263. 27263. 27263. 27260.
 27260. 27260. 27259. 27258. 27258. 27258. 27256. 27251. 27250. 27249.
 27243. 27240. 27240. 27236. 27235. 27234. 27234. 27233. 27233. 27232.
 27231. 27227. 27226. 27226. 27226. 27226. 27226. 27226. 27225. 27225.
 27225. 27224. 27224. 27224. 27224. 27224. 27223. 27223. 27221.]",0,
14,14,"[27297. 27297. 27297. 27297. 27297. 27297. 27297. 27297. 27297. 27297.
 27297. 27297. 27297. 27297. 27297. 27297. 27297. 27297. 27297. 27297.
 27297. 27297. 27297. 27297. 27297. 27297. 27297. 27297. 27297. 27297.
 27297. 27297. 27297. 27297. 27297. 27297. 27297. 27297. 27297. 27297.
 27297. 27297. 27297. 27297. 27297. 27297. 27297. 27297. 27297. 27297.
 27297. 27297. 27297. 27297. 27297. 27297. 27297. 27296. 27296. 27295.
 27294. 27294. 27294. 27292. 27292. 27291. 27291. 27290. 27289. 27289.
 27289. 27289. 27286. 27286. 27283. 27279. 27275. 27276. 27275. 27274.
 27273. 27272. 27271. 27271. 27270. 27265. 27263. 27263. 27263. 27260.
 27260. 27260. 27259. 27258. 27258. 27258. 27256. 27251. 27250. 27249.
 27243. 27240. 27240. 27236. 27235. 27234. 27234. 27233. 27233. 27232.
 27231. 27227. 27226. 27226. 27226. 27226. 27226. 27226. 27225. 27225.
 27225. 27224. 27224. 27224. 27224. 27224. 27223. 27223. 27221.]",0,
15,15,"[27297. 27297. 27297. 27297. 27297. 27297. 27297. 27297. 27297. 27297.
 27297. 27297. 27297. 27297. 27297. 27297. 27297. 27297. 27297. 27297.
 27297. 27297. 27297. 27297. 27297. 27297. 27297. 27297. 27297. 27297.
 27297. 27297. 27297. 27297. 27297. 27297. 27297. 27297. 27297. 27297.
 27297. 27297. 27297. 27297. 27297. 27297. 27297. 27297. 27297. 27297.
 27297. 27297. 27297. 27297. 27297. 27297. 27297. 27296. 27296. 27295.
 27294. 27294. 27294. 27292. 27292. 27291. 27291. 27290. 27289. 27289.
 27289. 27289. 27286. 27286. 27283. 27279. 27275. 27276. 27275. 27274.
 27273. 27272. 27271. 27271. 27270. 27265. 27263. 27263. 27263. 27260.
 27260. 27260. 27259. 27258. 27258. 27258. 27256. 27251. 27250. 27249.
 27243. 27240. 27240. 27236. 27235. 27234. 27234. 27233. 27233. 27232.
 27231. 27227. 27226. 27226. 27226. 27226. 27226. 27226. 27225. 27225.
 27225. 27224. 27224. 27224. 27224. 27224. 27223. 27223. 27221.]",0,
16,16,"[27297. 27297. 27297. 27297. 27297. 27297. 27297. 27297. 27297. 27297.
 27297. 27297. 27297. 27297. 27297. 27297. 27297. 27297. 27297. 27297.
 27297. 27297. 27297. 27297. 27297. 27297. 27297. 27297. 27297. 27297.
 27297. 27297. 27297. 27297. 27297. 27297. 27297. 27297. 27297. 27297.
 27297. 27297. 27297. 27297. 27297. 27297. 27297. 27297. 27297. 27297.
 27297. 27297. 27297. 27297. 27297. 27297. 27297. 27296. 27296. 27295.
 27294. 27294. 27294. 27292. 27292. 27291. 27291. 27290. 27289. 27289.
 27289. 27289. 27286. 27286. 27283. 27279. 27275. 27276. 27275. 27274.
 27273. 27272. 27271. 27271. 27270. 27265. 27263. 27263. 27263. 27260.
 27260. 27260. 27259. 27258. 27258. 27258. 27256. 27251. 27250. 27249.
 27243. 27240. 27240. 27236. 27235. 27234. 27234. 27233. 27233. 27232.
 27231. 27227. 27226. 27226. 27226. 27226. 27226. 27226. 27225. 27225.
 27225. 27224. 27224. 27224. 27224. 27224. 27223. 27223. 27221.]",0,
17,17,"[27297. 27297. 27297. 27297. 27297. 27297. 27297. 27297. 27297. 27297.
 27297. 27297. 27297. 27297. 27297. 27297. 27297. 27297. 27297. 27297.
 27297. 27297. 27297. 27297. 27297. 27297. 27297. 27297. 27297. 27297.
 27297. 27297. 27297. 27297. 27297. 27297. 27297. 27297. 27297. 27297.
 27297. 27297. 27297. 27297. 27297. 27297. 27297. 27297. 27297. 27297.
 27297. 27297. 27297. 27297. 27297. 27297. 27297. 27296. 27296. 27295.
 27294. 27294. 27294. 27292. 27292. 27291. 27291. 27290. 27289. 27289.
 27289. 27289. 27286. 27286. 27283. 27279. 27275. 27276. 27275. 27274.
 27273. 27272. 27271. 27271. 27270. 27265. 27263. 27263. 27263. 27260.
 27260. 27260. 27259. 27258. 27258. 27258. 27256. 27251. 27250. 27249.
 27243. 27240. 27240. 27236. 27235. 27234. 27234. 27233. 27233. 27232.
 27231. 27227. 27226. 27226. 27226. 27226. 27226. 27226. 27225. 27225.
 27225. 27224. 27224. 27224. 27224. 27224. 27223. 27223. 27221.]",0,
18,18,"[27297. 27297. 27297. 27297. 27297. 27297. 27297. 27297. 27297. 27297.
 27297. 27297. 27297. 27297. 27297. 27297. 27297. 27297. 27297. 27297.
 27297. 27297. 27297. 27297. 27297. 27297. 27297. 27297. 27297. 27297.
 27297. 27297. 27297. 27297. 27297. 27297. 27297. 27297. 27297. 27297.
 27297. 27297. 27297. 27297. 27297. 27297. 27297. 27297. 27297. 27297.
 27297. 27297. 27297. 27297. 27297. 27297. 27297. 27296. 27296. 27295.
 27294. 27294. 27294. 27292. 27292. 27291. 27291. 27290. 27289. 27289.
 27289. 27289. 27286. 27286. 27283. 27279. 27275. 27276. 27275. 27274.
 27273. 27272. 27271. 27271. 27270. 27265. 27263. 27263. 27263. 27260.
 27260. 27260. 27259. 27258. 27258. 27258. 27256. 27251. 27250. 27249.
 27243. 27240. 27240. 27236. 27235. 27234. 27234. 27233. 27233. 27232.
 27231. 27227. 27226. 27226. 27226. 27226. 27226. 27226. 27225. 27225.
 27225. 27224. 27224. 27224. 27224. 27224. 27223. 27223. 27221.]",0,
19,19,"[27297. 27297. 27297. 27297. 27297. 27297. 27297. 27297. 27297. 27297.
 27297. 27297. 27297. 27297. 27297. 27297. 27297. 27297. 27297. 27297.
 27297. 27297. 27297. 27297. 27297. 27297. 27297. 27297. 27297. 27297.
 27297. 27297. 27297. 27297. 27297. 27297. 27297. 27297. 27297. 27297.
 27297. 27297. 27297. 27297. 27297. 27297. 27297. 27297. 27297. 27297.
 27297. 27297. 27297. 27297. 27297. 27297. 27297. 27296. 27296. 27295.
 27294. 27294. 27294. 27292. 27292. 27291. 27291. 27290. 27289. 27289.
 27289. 27289. 27286. 27286. 27283. 27279. 27275. 27276. 27275. 27274.
 27273. 27272. 27271. 27271. 27270. 27265. 27263. 27263. 27263. 27260.
 27260. 27260. 27259. 27258. 27258. 27258. 27256. 27251. 27250. 27249.
 27243. 27240. 27240. 27236. 27235. 27234. 27234. 27233. 27233. 27232.
 27231. 27227. 27226. 27226. 27226. 27226. 27226. 27226. 27225. 27225.
 27225. 27224. 27224. 27224. 27224. 27224. 27223. 27223. 27221.]",0,
20,20,"[27297. 27297. 27297. 27297. 27297. 27297. 27297. 27297. 27297. 27297.
 27297. 27297. 27297. 27297. 27297. 27297. 27297. 27297. 27297. 27297.
 27297. 27297. 27297. 27297. 27297. 27297. 27297. 27297. 27297. 27297.
 27297. 27297. 27297. 27297. 27297. 27297. 27297. 27297. 27297. 27297.
 27297. 27297. 27297. 27297. 27297. 27297. 27297. 27297. 27297. 27297.
 27297. 27297. 27297. 27297. 27297. 27297. 27297. 27296. 27296. 27295.
 27294. 27294. 27294. 27292. 27292. 27291. 27291. 27290. 27289. 27289.
 27289. 27289. 27286. 27286. 27283. 27279. 27275. 27276. 27275. 27274.
 27273. 27272. 27271. 27271. 27270. 27265. 27263. 27263. 27263. 27260.
 27260. 27260. 27259. 27258. 27258. 27258. 27256. 27251. 27250. 27249.
 27243. 27240. 27240. 27236. 27235. 27234. 27234. 27233. 27233. 27232.
 27231. 27227. 27226. 27226. 27226. 27226. 27226. 27226. 27225. 27225.
 27225. 27224. 27224. 27224. 27224. 27224. 27223. 27223. 27221.]",0,
21,21,"[27297. 27297. 27297. 27297. 27297. 27297. 27297. 27297. 27297. 27297.
 27297. 27297. 27297. 27297. 27297. 27297. 27297. 27297. 27297. 27297.
 27297. 27297. 27297. 27297. 27297. 27297. 27297. 27297. 27297. 27297.
 27297. 27297. 27297. 27297. 27297. 27297. 27297. 27297. 27297. 27297.
 27297. 27297. 27297. 27297. 27297. 27297. 27297. 27297. 27297. 27297.
 27297. 27297. 27297. 27297. 27297. 27297. 27297. 27296. 27296. 27295.
 27294. 27294. 27294. 27292. 27292. 27291. 27291. 27290. 27289. 27289.
 27289. 27289. 27286. 27286. 27283. 27279. 27275. 27276. 27275. 27274.
 27273. 27272. 27271. 27271. 27270. 27265. 27263. 27263. 27263. 27260.
 27260. 27260. 27259. 27258. 27258. 27258. 27256. 27251. 27250. 27249.
 27243. 27240. 27240. 27236. 27235. 27234. 27234. 27233. 27233. 27232.
 27231. 27227. 27226. 27226. 27226. 27226. 27226. 27226. 27225. 27225.
 27225. 27224. 27224. 27224. 27224. 27224. 27223. 27223. 27221.]",0,
22,22,"[27297. 27297. 27297. 27297. 27297. 27297. 27297. 27297. 27297. 27297.
 27297. 27297. 27297. 27297. 27297. 27297. 27297. 27297. 27297. 27297.
 27297. 27297. 27297. 27297. 27297. 27297. 27297. 27297. 27297. 27297.
 27297. 27297. 27297. 27297. 27297. 27297. 27297. 27297. 27297. 27297.
 27297. 27297. 27297. 27297. 27297. 27297. 27297. 27297. 27297. 27297.
 27297. 27297. 27297. 27297. 27297. 27297. 27297. 27296. 27296. 27295.
 27294. 27294. 27294. 27292. 27292. 27291. 27291. 27290. 27289. 27289.
 27289. 27289. 27286. 27286. 27283. 27279. 27275. 27276. 27275. 27274.
 27273. 27272. 27271. 27271. 27270. 27265. 27263. 27263. 27263. 27260.
 27260. 27260. 27259. 27258. 27258. 27258. 27256. 27251. 27250. 27249.
 27243. 27240. 27240. 27236. 27235. 27234. 27234. 27233. 27233. 27232.
 27231. 27227. 27226. 27226. 27226. 27226. 27226. 27226. 27225. 27225.
 27225. 27224. 27224. 27224. 27224. 27224. 27223. 27223. 27221.]",0,
23,23,"[27297. 27297. 27297. 27297. 27297. 27297. 27297. 27297. 27297. 27297.
 27297. 27297. 27297. 27297. 27297. 27297. 27297. 27297. 27297. 27297.
 27297. 27297. 27297. 27297. 27297. 27297. 27297. 27297. 27297. 27297.
 27297. 27297. 27297. 27297. 27297. 27297. 27297. 27297. 27297. 27297.
 27297. 27297. 27297. 27297. 27297. 27297. 27297. 27297. 27297. 27297.
 27297. 27297. 27297. 27297. 27297. 27297. 27297. 27296. 27296. 27295.
 27294. 27294. 27294. 27292. 27292. 27291. 27291. 27290. 27289. 27289.
 27289. 27289. 27286. 27286. 27283. 27279. 27275. 27276. 27275. 27274.
 27273. 27272. 27271. 27271. 27270. 27265. 27263. 27263. 27263. 27260.
 27260. 27260. 27259. 27258. 27258. 27258. 27256. 27251. 27250. 27249.
 27243. 27240. 27240. 27236. 27235. 27234. 27234. 27233. 27233. 27232.
 27231. 27227. 27226. 27226. 27226. 27226. 27226. 27226. 27225. 27225.
 27225. 27224. 27224. 27224. 27224. 27224. 27223. 27223. 27221.]",0,
24,24,"[27297. 27297. 27297. 27297. 27297. 27297. 27297. 27297. 27297. 27297.
 27297. 27297. 27297. 27297. 27297. 27297. 27297. 27297. 27297. 27297.
 27297. 27297. 27297. 27297. 27297. 27297. 27297. 27297. 27297. 27297.
 27297. 27297. 27297. 27297. 27297. 27297. 27297. 27297. 27297. 27297.
 27297. 27297. 27297. 27297. 27297. 27297. 27297. 27297. 27297. 27297.
 27297. 27297. 27297. 27297. 27297. 27297. 27297. 27296. 27296. 27295.
 27294. 27294. 27294. 27292. 27292. 27291. 27291. 27290. 27289. 27289.
 27289. 27289. 27286. 27286. 27283. 27279. 27275. 27276. 27275. 27274.
 27273. 27272. 27271. 27271. 27270. 27265. 27263. 27263. 27263. 27260.
 27260. 27260. 27259. 27258. 27258. 27258. 27256. 27251. 27250. 27249.
 27243. 27240. 27240. 27236. 27235. 27234. 27234. 27233. 27233. 27232.
 27231. 27227. 27226. 27226. 27226. 27226. 27226. 27226. 27225. 27225.
 27225. 27224. 27224. 27224. 27224. 27224. 27223. 27223. 27221.]",0,
25,25,"[27297. 27297. 27297. 27297. 27297. 27297. 27297. 27297. 27297. 27297.
 27297. 27297. 27297. 27297. 27297. 27297. 27297. 27297. 27297. 27297.
 27297. 27297. 27297. 27297. 27297. 27297. 27297. 27297. 27297. 27297.
 27297. 27297. 27297. 27297. 27297. 27297. 27297. 27297. 27297. 27297.
 27297. 27297. 27297. 27297. 27297. 27297. 27297. 27297. 27297. 27297.
 27297. 27297. 27297. 27297. 27297. 27297. 27297. 27296. 27296. 27295.
 27294. 27294. 27294. 27292. 27292. 27291. 27291. 27290. 27289. 27289.
 27289. 27289. 27286. 27286. 27283. 27279. 27275. 27276. 27275. 27274.
 27273. 27272. 27271. 27271. 27270. 27265. 27263. 27263. 27263. 27260.
 27260. 27260. 27259. 27258. 27258. 27258. 27256. 27251. 27250. 27249.
 27243. 27240. 27240. 27236. 27235. 27234. 27234. 27233. 27233. 27232.
 27231. 27227. 27226. 27226. 27226. 27226. 27226. 27226. 27225. 27225.
 27225. 27224. 27224. 27224. 27224. 27224. 27223. 27223. 27221.]",0,
26,26,"[27297. 27297. 27297. 27297. 27297. 27297. 27297. 27297. 27297. 27297.
 27297. 27297. 27297. 27297. 27297. 27297. 27297. 27297. 27297. 27297.
 27297. 27297. 27297. 27297. 27297. 27297. 27297. 27297. 27297. 27297.
 27297. 27297. 27297. 27297. 27297. 27297. 27297. 27297. 27297. 27297.
 27297. 27297. 27297. 27297. 27297. 27297. 27297. 27297. 27297. 27297.
 27297. 27297. 27297. 27297. 27297. 27297. 27297. 27296. 27296. 27295.
 27294. 27294. 27294. 27292. 27292. 27291. 27291. 27290. 27289. 27289.
 27289. 27289. 27286. 27286. 27283. 27279. 27275. 27276. 27275. 27274.
 27273. 27272. 27271. 27271. 27270. 27265. 27263. 27263. 27263. 27260.
 27260. 27260. 27259. 27258. 27258. 27258. 27256. 27251. 27250. 27249.
 27243. 27240. 27240. 27236. 27235. 27234. 27234. 27233. 27233. 27232.
 27231. 27227. 27226. 27226. 27226. 27226. 27226. 27226. 27225. 27225.
 27225. 27224. 27224. 27224. 27224. 27224. 27223. 27223. 27221.]",0,
27,27,"[27297. 27297. 27297. 27297. 27297. 27297. 27297. 27297. 27297. 27297.
 27297. 27297. 27297. 27297. 27297. 27297. 27297. 27297. 27297. 27297.
 27297. 27297. 27297. 27297. 27297. 27297. 27297. 27297. 27297. 27297.
 27297. 27297. 27297. 27297. 27297. 27297. 27297. 27297. 27297. 27297.
 27297. 27297. 27297. 27297. 27297. 27297. 27297. 27297. 27297. 27297.
 27297. 27297. 27297. 27297. 27297. 27297. 27297. 27296. 27296. 27295.
 27294. 27294. 27294. 27292. 27292. 27291. 27291. 27290. 27289. 27289.
 27289. 27289. 27286. 27286. 27283. 27279. 27275. 27276. 27275. 27274.
 27273. 27272. 27271. 27271. 27270. 27265. 27263. 27263. 27263. 27260.
 27260. 27260. 27259. 27258. 27258. 27258. 27256. 27251. 27250. 27249.
 27243. 27240. 27240. 27236. 27235. 27234. 27234. 27233. 27233. 27232.
 27231. 27227. 27226. 27226. 27226. 27226. 27226. 27226. 27225. 27225.
 27225. 27224. 27224. 27224. 27224. 27224. 27223. 27223. 27221.]",0,
28,28,"[27297. 27297. 27297. 27297. 27297. 27297. 27297. 27297. 27297. 27297.
 27297. 27297. 27297. 27297. 27297. 27297. 27297. 27297. 27297. 27297.
 27297. 27297. 27297. 27297. 27297. 27297. 27297. 27297. 27297. 27297.
 27297. 27297. 27297. 27297. 27297. 27297. 27297. 27297. 27297. 27297.
 27297. 27297. 27297. 27297. 27297. 27297. 27297. 27297. 27297. 27297.
 27297. 27297. 27297. 27297. 27297. 27297. 27297. 27296. 27296. 27295.
 27294. 27294. 27294. 27292. 27292. 27291. 27291. 27290. 27289. 27289.
 27289. 27289. 27286. 27286. 27283. 27279. 27275. 27276. 27275. 27274.
 27273. 27272. 27271. 27271. 27270. 27265. 27263. 27263. 27263. 27260.
 27260. 27260. 27259. 27258. 27258. 27258. 27256. 27251. 27250. 27249.
 27243. 27240. 27240. 27236. 27235. 27234. 27234. 27233. 27233. 27232.
 27231. 27227. 27226. 27226. 27226. 27226. 27226. 27226. 27225. 27225.
 27225. 27224. 27224. 27224. 27224. 27224. 27223. 27223. 27221.]",0,
29,29,"[27297. 27297. 27297. 27297. 27297. 27297. 27297. 27297. 27297. 27297.
 27297. 27297. 27297. 27297. 27297. 27297. 27297. 27297. 27297. 27297.
 27297. 27297. 27297. 27297. 27297. 27297. 27297. 27297. 27297. 27297.
 27297. 27297. 27297. 27297. 27297. 27297. 27297. 27297. 27297. 27297.
 27297. 27297. 27297. 27297. 27297. 27297. 27297. 27297. 27297. 27297.
 27297. 27297. 27297. 27297. 27297. 27297. 27297. 27296. 27296. 27295.
 27294. 27294. 27294. 27292. 27292. 27291. 27291. 27290. 27289. 27289.
 27289. 27289. 27286. 27286. 27283. 27279. 27275. 27276. 27275. 27274.
 27273. 27272. 27271. 27271. 27270. 27265. 27263. 27263. 27263. 27260.
 27260. 27260. 27259. 27258. 27258. 27258. 27256. 27251. 27250. 27249.
 27243. 27240. 27240. 27236. 27235. 27234. 27234. 27233. 27233. 27232.
 27231. 27227. 27226. 27226. 27226. 27226. 27226. 27226. 27225. 27225.
 27225. 27224. 27224. 27224. 27224. 27224. 27223. 27223. 27221.]",0,
30,30,"[27297. 27297. 27297. 27297. 27297. 27297. 27297. 27297. 27297. 27297.
 27297. 27297. 27297. 27297. 27297. 27297. 27297. 27297. 27297. 27297.
 27297. 27297. 27297. 27297. 27297. 27297. 27297. 27297. 27297. 27297.
 27297. 27297. 27297. 27297. 27297. 27297. 27297. 27297. 27297. 27297.
 27297. 27297. 27297. 27297. 27297. 27297. 27297. 27297. 27297. 27297.
 27297. 27297. 27297. 27297. 27297. 27297. 27297. 27296. 27296. 27295.
 27294. 27294. 27294. 27292. 27292. 27291. 27291. 27290. 27289. 27289.
 27289. 27289. 27286. 27286. 27283. 27279. 27275. 27276. 27275. 27274.
 27273. 27272. 27271. 27271. 27270. 27265. 27263. 27263. 27263. 27260.
 27260. 27260. 27259. 27258. 27258. 27258. 27256. 27251. 27250. 27249.
 27243. 27240. 27240. 27236. 27235. 27234. 27234. 27233. 27233. 27232.
 27231. 27227. 27226. 27226. 27226. 27226. 27226. 27226. 27225. 27225.
 27225. 27224. 27224. 27224. 27224. 27224. 27223. 27223. 27221.]",0,
31,31,"[27297. 27297. 27297. 27297. 27297. 27297. 27297. 27297. 27297. 27297.
 27297. 27297. 27297. 27297. 27297. 27297. 27297. 27297. 27297. 27297.
 27297. 27297. 27297. 27297. 27297. 27297. 27297. 27297. 27297. 27297.
 27297. 27297. 27297. 27297. 27297. 27297. 27297. 27297. 27297. 27297.
 27297. 27297. 27297. 27297. 27297. 27297. 27297. 27297. 27297. 27297.
 27297. 27297. 27297. 27297. 27297. 27297. 27297. 27296. 27296. 27295.
 27294. 27294. 27294. 27292. 27292. 27291. 27291. 27290. 27289. 27289.
 27289. 27289. 27286. 27286. 27283. 27279. 27275. 27276. 27275. 27274.
 27273. 27272. 27271. 27271. 27270. 27265. 27263. 27263. 27263. 27260.
 27260. 27260. 27259. 27258. 27258. 27258. 27256. 27251. 27250. 27249.
 27243. 27240. 27240. 27236. 27235. 27234. 27234. 27233. 27233. 27232.
 27231. 27227. 27226. 27226. 27226. 27226. 27226. 27226. 27225. 27225.
 27225. 27224. 27224. 27224. 27224. 27224. 27223. 27223. 27221.]",0,
32,32,"[27297. 27297. 27297. 27297. 27297. 27297. 27297. 27297. 27297. 27297.
 27297. 27297. 27297. 27297. 27297. 27297. 27297. 27297. 27297. 27297.
 27297. 27297. 27297. 27297. 27297. 27297. 27297. 27297. 27297. 27297.
 27297. 27297. 27297. 27297. 27297. 27297. 27297. 27297. 27297. 27297.
 27297. 27297. 27297. 27297. 27297. 27297. 27297. 27297. 27297. 27297.
 27297. 27297. 27297. 27297. 27297. 27297. 27297. 27296. 27296. 27295.
 27294. 27294. 27294. 27292. 27292. 27291. 27291. 27290. 27289. 27289.
 27289. 27289. 27286. 27286. 27283. 27279. 27275. 27276. 27275. 27274.
 27273. 27272. 27271. 27271. 27270. 27265. 27263. 27263. 27263. 27260.
 27260. 27260. 27259. 27258. 27258. 27258. 27256. 27251. 27250. 27249.
 27243. 27240. 27240. 27236. 27235. 27234. 27234. 27233. 27233. 27232.
 27231. 27227. 27226. 27226. 27226. 27226. 27226. 27226. 27225. 27225.
 27225. 27224. 27224. 27224. 27224. 27224. 27223. 27223. 27221.]",0,
33,33,"[27297. 27297. 27297. 27297. 27297. 27297. 27297. 27297. 27297. 27297.
 27297. 27297. 27297. 27297. 27297. 27297. 27297. 27297. 27297. 27297.
 27297. 27297. 27297. 27297. 27297. 27297. 27297. 27297. 27297. 27297.
 27297. 27297. 27297. 27297. 27297. 27297. 27297. 27297. 27297. 27297.
 27297. 27297. 27297. 27297. 27297. 27297. 27297. 27297. 27297. 27297.
 27297. 27297. 27297. 27297. 27297. 27297. 27297. 27296. 27296. 27295.
 27294. 27294. 27294. 27292. 27292. 27291. 27291. 27290. 27289. 27289.
 27289. 27289. 27286. 27286. 27283. 27279. 27275. 27276. 27275. 27274.
 27273. 27272. 27271. 27271. 27270. 27265. 27263. 27263. 27263. 27260.
 27260. 27260. 27259. 27258. 27258. 27258. 27256. 27251. 27250. 27249.
 27243. 27240. 27240. 27236. 27235. 27234. 27234. 27233. 27233. 27232.
 27231. 27227. 27226. 27226. 27226. 27226. 27226. 27226. 27225. 27225.
 27225. 27224. 27224. 27224. 27224. 27224. 27223. 27223. 27221.]",0,
34,34,"[27297. 27297. 27297. 27297. 27297. 27297. 27297. 27297. 27297. 27297.
 27297. 27297. 27297. 27297. 27297. 27297. 27297. 27297. 27297. 27297.
 27297. 27297. 27297. 27297. 27297. 27297. 27297. 27297. 27297. 27297.
 27297. 27297. 27297. 27297. 27297. 27297. 27297. 27297. 27297. 27297.
 27297. 27297. 27297. 27297. 27297. 27297. 27297. 27297. 27297. 27297.
 27297. 27297. 27297. 27297. 27297. 27297. 27297. 27296. 27296. 27295.
 27294. 27294. 27294. 27292. 27292. 27291. 27291. 27290. 27289. 27289.
 27289. 27289. 27286. 27286. 27283. 27279. 27275. 27276. 27275. 27274.
 27273. 27272. 27271. 27271. 27270. 27265. 27263. 27263. 27263. 27260.
 27260. 27260. 27259. 27258. 27258. 27258. 27256. 27251. 27250. 27249.
 27243. 27240. 27240. 27236. 27235. 27234. 27234. 27233. 27233. 27232.
 27231. 27227. 27226. 27226. 27226. 27226. 27226. 27226. 27225. 27225.
 27225. 27224. 27224. 27224. 27224. 27224. 27223. 27223. 27221.]",0,
35,35,"[27297. 27297. 27297. 27297. 27297. 27297. 27297. 27297. 27297. 27297.
 27297. 27297. 27297. 27297. 27297. 27297. 27297. 27297. 27297. 27297.
 27297. 27297. 27297. 27297. 27297. 27297. 27297. 27297. 27297. 27297.
 27297. 27297. 27297. 27297. 27297. 27297. 27297. 27297. 27297. 27297.
 27297. 27297. 27297. 27297. 27297. 27297. 27297. 27297. 27297. 27297.
 27297. 27297. 27297. 27297. 27297. 27297. 27297. 27296. 27296. 27295.
 27294. 27294. 27294. 27292. 27292. 27291. 27291. 27290. 27289. 27289.
 27289. 27289. 27286. 27286. 27283. 27279. 27275. 27276. 27275. 27274.
 27273. 27272. 27271. 27271. 27270. 27265. 27263. 27263. 27263. 27260.
 27260. 27260. 27259. 27258. 27258. 27258. 27256. 27251. 27250. 27249.
 27243. 27240. 27240. 27236. 27235. 27234. 27234. 27233. 27233. 27232.
 27231. 27227. 27226. 27226. 27226. 27226. 27226. 27226. 27225. 27225.
 27225. 27224. 27224. 27224. 27224. 27224. 27223. 27223. 27221.]",0,
36,36,"[27297. 27297. 27297. 27297. 27297. 27297. 27297. 27297. 27297. 27297.
 27297. 27297. 27297. 27297. 27297. 27297. 27297. 27297. 27297. 27297.
 27297. 27297. 27297. 27297. 27297. 27297. 27297. 27297. 27297. 27297.
 27297. 27297. 27297. 27297. 27297. 27297. 27297. 27297. 27297. 27297.
 27297. 27297. 27297. 27297. 27297. 27297. 27297. 27297. 27297. 27297.
 27297. 27297. 27297. 27297. 27297. 27297. 27297. 27296. 27296. 27295.
 27294. 27294. 27294. 27292. 27292. 27291. 27291. 27290. 27289. 27289.
 27289. 27289. 27286. 27286. 27283. 27279. 27275. 27276. 27275. 27274.
 27273. 27272. 27271. 27271. 27270. 27265. 27263. 27263. 27263. 27260.
 27260. 27260. 27259. 27258. 27258. 27258. 27256. 27251. 27250. 27249.
 27243. 27240. 27240. 27236. 27235. 27234. 27234. 27233. 27233. 27232.
 27231. 27227. 27226. 27226. 27226. 27226. 27226. 27226. 27225. 27225.
 27225. 27224. 27224. 27224. 27224. 27224. 27223. 27223. 27221.]",0,
37,37,"[27297. 27297. 27297. 27297. 27297. 27297. 27297. 27297. 27297. 27297.
 27297. 27297. 27297. 27297. 27297. 27297. 27297. 27297. 27297. 27297.
 27297. 27297. 27297. 27297. 27297. 27297. 27297. 27297. 27297. 27297.
 27297. 27297. 27297. 27297. 27297. 27297. 27297. 27297. 27297. 27297.
 27297. 27297. 27297. 27297. 27297. 27297. 27297. 27297. 27297. 27297.
 27297. 27297. 27297. 27297. 27297. 27297. 27297. 27296. 27296. 27295.
 27294. 27294. 27294. 27292. 27292. 27291. 27291. 27290. 27289. 27289.
 27289. 27289. 27286. 27286. 27283. 27279. 27275. 27276. 27275. 27274.
 27273. 27272. 27271. 27271. 27270. 27265. 27263. 27263. 27263. 27260.
 27260. 27260. 27259. 27258. 27258. 27258. 27256. 27251. 27250. 27249.
 27243. 27240. 27240. 27236. 27235. 27234. 27234. 27233. 27233. 27232.
 27231. 27227. 27226. 27226. 27226. 27226. 27226. 27226. 27225. 27225.
 27225. 27224. 27224. 27224. 27224. 27224. 27223. 27223. 27221.]",0,
38,38,"[27297. 27297. 27297. 27297. 27297. 27297. 27297. 27297. 27297. 27297.
 27297. 27297. 27297. 27297. 27297. 27297. 27297. 27297. 27297. 27297.
 27297. 27297. 27297. 27297. 27297. 27297. 27297. 27297. 27297. 27297.
 27297. 27297. 27297. 27297. 27297. 27297. 27297. 27297. 27297. 27297.
 27297. 27297. 27297. 27297. 27297. 27297. 27297. 27297. 27297. 27297.
 27297. 27297. 27297. 27297. 27297. 27297. 27297. 27296. 27296. 27295.
 27294. 27294. 27294. 27292. 27292. 27291. 27291. 27290. 27289. 27289.
 27289. 27289. 27286. 27286. 27283. 27279. 27275. 27276. 27275. 27274.
 27273. 27272. 27271. 27271. 27270. 27265. 27263. 27263. 27263. 27260.
 27260. 27260. 27259. 27258. 27258. 27258. 27256. 27251. 27250. 27249.
 27243. 27240. 27240. 27236. 27235. 27234. 27234. 27233. 27233. 27232.
 27231. 27227. 27226. 27226. 27226. 27226. 27226. 27226. 27225. 27225.
 27225. 27224. 27224. 27224. 27224. 27224. 27223. 27223. 27221.]",0,
39,39,"[27297. 27297. 27297. 27297. 27297. 27297. 27297. 27297. 27297. 27297.
 27297. 27297. 27297. 27297. 27297. 27297. 27297. 27297. 27297. 27297.
 27297. 27297. 27297. 27297. 27297. 27297. 27297. 27297. 27297. 27297.
 27297. 27297. 27297. 27297. 27297. 27297. 27297. 27297. 27297. 27297.
 27297. 27297. 27297. 27297. 27297. 27297. 27297. 27297. 27297. 27297.
 27297. 27297. 27297. 27297. 27297. 27297. 27297. 27296. 27296. 27295.
 27294. 27294. 27294. 27292. 27292. 27291. 27291. 27290. 27289. 27289.
 27289. 27289. 27286. 27286. 27283. 27279. 27275. 27276. 27275. 27274.
 27273. 27272. 27271. 27271. 27270. 27265. 27263. 27263. 27263. 27260.
 27260. 27260. 27259. 27258. 27258. 27258. 27256. 27251. 27250. 27249.
 27243. 27240. 27240. 27236. 27235. 27234. 27234. 27233. 27233. 27232.
 27231. 27227. 27226. 27226. 27226. 27226. 27226. 27226. 27225. 27225.
 27225. 27224. 27224. 27224. 27224. 27224. 27223. 27223. 27221.]",0,
40,40,"[27297. 27297. 27297. 27297. 27297. 27297. 27297. 27297. 27297. 27297.
 27297. 27297. 27297. 27297. 27297. 27297. 27297. 27297. 27297. 27297.
 27297. 27297. 27297. 27297. 27297. 27297. 27297. 27297. 27297. 27297.
 27297. 27297. 27297. 27297. 27297. 27297. 27297. 27297. 27297. 27297.
 27297. 27297. 27297. 27297. 27297. 27297. 27297. 27297. 27297. 27297.
 27297. 27297. 27297. 27297. 27297. 27297. 27297. 27296. 27296. 27295.
 27294. 27294. 27294. 27292. 27292. 27291. 27291. 27290. 27289. 27289.
 27289. 27289. 27286. 27286. 27283. 27279. 27275. 27276. 27275. 27274.
 27273. 27272. 27271. 27271. 27270. 27265. 27263. 27263. 27263. 27260.
 27260. 27260. 27259. 27258. 27258. 27258. 27256. 27251. 27250. 27249.
 27243. 27240. 27240. 27236. 27235. 27234. 27234. 27233. 27233. 27232.
 27231. 27227. 27226. 27226. 27226. 27226. 27226. 27226. 27225. 27225.
 27225. 27224. 27224. 27224. 27224. 27224. 27223. 27223. 27221.]",0,
41,41,"[27297. 27297. 27297. 27297. 27297. 27297. 27297. 27297. 27297. 27297.
 27297. 27297. 27297. 27297. 27297. 27297. 27297. 27297. 27297. 27297.
 27297. 27297. 27297. 27297. 27297. 27297. 27297. 27297. 27297. 27297.
 27297. 27297. 27297. 27297. 27297. 27297. 27297. 27297. 27297. 27297.
 27297. 27297. 27297. 27297. 27297. 27297. 27297. 27297. 27297. 27297.
 27297. 27297. 27297. 27297. 27297. 27297. 27297. 27296. 27296. 27295.
 27294. 27294. 27294. 27292. 27292. 27291. 27291. 27290. 27289. 27289.
 27289. 27289. 27286. 27286. 27283. 27279. 27275. 27276. 27275. 27274.
 27273. 27272. 27271. 27271. 27270. 27265. 27263. 27263. 27263. 27260.
 27260. 27260. 27259. 27258. 27258. 27258. 27256. 27251. 27250. 27249.
 27243. 27240. 27240. 27236. 27235. 27234. 27234. 27233. 27233. 27232.
 27231. 27227. 27226. 27226. 27226. 27226. 27226. 27226. 27225. 27225.
 27225. 27224. 27224. 27224. 27224. 27224. 27223. 27223. 27221.]",0,
42,42,"[27297. 27297. 27297. 27297. 27297. 27297. 27297. 27297. 27297. 27297.
 27297. 27297. 27297. 27297. 27297. 27297. 27297. 27297. 27297. 27297.
 27297. 27297. 27297. 27297. 27297. 27297. 27297. 27297. 27297. 27297.
 27297. 27297. 27297. 27297. 27297. 27297. 27297. 27297. 27297. 27297.
 27297. 27297. 27297. 27297. 27297. 27297. 27297. 27297. 27297. 27297.
 27297. 27297. 27297. 27297. 27297. 27297. 27297. 27296. 27296. 27295.
 27294. 27294. 27294. 27292. 27292. 27291. 27291. 27290. 27289. 27289.
 27289. 27289. 27286. 27286. 27283. 27279. 27275. 27276. 27275. 27274.
 27273. 27272. 27271. 27271. 27270. 27265. 27263. 27263. 27263. 27260.
 27260. 27260. 27259. 27258. 27258. 27258. 27256. 27251. 27250. 27249.
 27243. 27240. 27240. 27236. 27235. 27234. 27234. 27233. 27233. 27232.
 27231. 27227. 27226. 27226. 27226. 27226. 27226. 27226. 27225. 27225.
 27225. 27224. 27224. 27224. 27224. 27224. 27223. 27223. 27221.]",0,
43,43,"[27297. 27297. 27297. 27297. 27297. 27297. 27297. 27297. 27297. 27297.
 27297. 27297. 27297. 27297. 27297. 27297. 27297. 27297. 27297. 27297.
 27297. 27297. 27297. 27297. 27297. 27297. 27297. 27297. 27297. 27297.
 27297. 27297. 27297. 27297. 27297. 27297. 27297. 27297. 27297. 27297.
 27297. 27297. 27297. 27297. 27297. 27297. 27297. 27297. 27297. 27297.
 27297. 27297. 27297. 27297. 27297. 27297. 27297. 27296. 27296. 27295.
 27294. 27294. 27294. 27292. 27292. 27291. 27291. 27290. 27289. 27289.
 27289. 27289. 27286. 27286. 27283. 27279. 27275. 27276. 27275. 27274.
 27273. 27272. 27271. 27271. 27270. 27265. 27263. 27263. 27263. 27260.
 27260. 27260. 27259. 27258. 27258. 27258. 27256. 27251. 27250. 27249.
 27243. 27240. 27240. 27236. 27235. 27234. 27234. 27233. 27233. 27232.
 27231. 27227. 27226. 27226. 27226. 27226. 27226. 27226. 27225. 27225.
 27225. 27224. 27224. 27224. 27224. 27224. 27223. 27223. 27221.]",0,
44,44,"[27297. 27297. 27297. 27297. 27297. 27297. 27297. 27297. 27297. 27297.
 27297. 27297. 27297. 27297. 27297. 27297. 27297. 27297. 27297. 27297.
 27297. 27297. 27297. 27297. 27297. 27297. 27297. 27297. 27297. 27297.
 27297. 27297. 27297. 27297. 27297. 27297. 27297. 27297. 27297. 27297.
 27297. 27297. 27297. 27297. 27297. 27297. 27297. 27297. 27297. 27297.
 27297. 27297. 27297. 27297. 27297. 27297. 27297. 27296. 27296. 27295.
 27294. 27294. 27294. 27292. 27292. 27291. 27291. 27290. 27289. 27289.
 27289. 27289. 27286. 27286. 27283. 27279. 27275. 27276. 27275. 27274.
 27273. 27272. 27271. 27271. 27270. 27265. 27263. 27263. 27263. 27260.
 27260. 27260. 27259. 27258. 27258. 27258. 27256. 27251. 27250. 27249.
 27243. 27240. 27240. 27236. 27235. 27234. 27234. 27233. 27233. 27232.
 27231. 27227. 27226. 27226. 27226. 27226. 27226. 27226. 27225. 27225.
 27225. 27224. 27224. 27224. 27224. 27224. 27223. 27223. 27221.]",0,
45,45,"[27297. 27297. 27297. 27297. 27297. 27297. 27297. 27297. 27297. 27297.
 27297. 27297. 27297. 27297. 27297. 27297. 27297. 27297. 27297. 27297.
 27297. 27297. 27297. 27297. 27297. 27297. 27297. 27297. 27297. 27297.
 27297. 27297. 27297. 27297. 27297. 27297. 27297. 27297. 27297. 27297.
 27297. 27297. 27297. 27297. 27297. 27297. 27297. 27297. 27297. 27297.
 27297. 27297. 27297. 27297. 27297. 27297. 27297. 27296. 27296. 27295.
 27294. 27294. 27294. 27292. 27292. 27291. 27291. 27290. 27289. 27289.
 27289. 27289. 27286. 27286. 27283. 27279. 27275. 27276. 27275. 27274.
 27273. 27272. 27271. 27271. 27270. 27265. 27263. 27263. 27263. 27260.
 27260. 27260. 27259. 27258. 27258. 27258. 27256. 27251. 27250. 27249.
 27243. 27240. 27240. 27236. 27235. 27234. 27234. 27233. 27233. 27232.
 27231. 27227. 27226. 27226. 27226. 27226. 27226. 27226. 27225. 27225.
 27225. 27224. 27224. 27224. 27224. 27224. 27223. 27223. 27221.]",0,
46,46,"[27297. 27297. 27297. 27297. 27297. 27297. 27297. 27297. 27297. 27297.
 27297. 27297. 27297. 27297. 27297. 27297. 27297. 27297. 27297. 27297.
 27297. 27297. 27297. 27297. 27297. 27297. 27297. 27297. 27297. 27297.
 27297. 27297. 27297. 27297. 27297. 27297. 27297. 27297. 27297. 27297.
 27297. 27297. 27297. 27297. 27297. 27297. 27297. 27297. 27297. 27297.
 27297. 27297. 27297. 27297. 27297. 27297. 27297. 27296. 27296. 27295.
 27294. 27294. 27294. 27292. 27292. 27291. 27291. 27290. 27289. 27289.
 27289. 27289. 27286. 27286. 27283. 27279. 27275. 27276. 27275. 27274.
 27273. 27272. 27271. 27271. 27270. 27265. 27263. 27263. 27263. 27260.
 27260. 27260. 27259. 27258. 27258. 27258. 27256. 27251. 27250. 27249.
 27243. 27240. 27240. 27236. 27235. 27234. 27234. 27233. 27233. 27232.
 27231. 27227. 27226. 27226. 27226. 27226. 27226. 27226. 27225. 27225.
 27225. 27224. 27224. 27224. 27224. 27224. 27223. 27223. 27221.]",0,
47,47,"[27297. 27297. 27297. 27297. 27297. 27297. 27297. 27297. 27297. 27297.
 27297. 27297. 27297. 27297. 27297. 27297. 27297. 27297. 27297. 27297.
 27297. 27297. 27297. 27297. 27297. 27297. 27297. 27297. 27297. 27297.
 27297. 27297. 27297. 27297. 27297. 27297. 27297. 27297. 27297. 27297.
 27297. 27297. 27297. 27297. 27297. 27297. 27297. 27297. 27297. 27297.
 27297. 27297. 27297. 27297. 27297. 27297. 27297. 27296. 27296. 27295.
 27294. 27294. 27294. 27292. 27292. 27291. 27291. 27290. 27289. 27289.
 27289. 27289. 27286. 27286. 27283. 27279. 27275. 27276. 27275. 27274.
 27273. 27272. 27271. 27271. 27270. 27265. 27263. 27263. 27263. 27260.
 27260. 27260. 27259. 27258. 27258. 27258. 27256. 27251. 27250. 27249.
 27243. 27240. 27240. 27236. 27235. 27234. 27234. 27233. 27233. 27232.
 27231. 27227. 27226. 27226. 27226. 27226. 27226. 27226. 27225. 27225.
 27225. 27224. 27224. 27224. 27224. 27224. 27223. 27223. 27221.]",0,
48,48,"[27297. 27297. 27297. 27297. 27297. 27297. 27297. 27297. 27297. 27297.
 27297. 27297. 27297. 27297. 27297. 27297. 27297. 27297. 27297. 27297.
 27297. 27297. 27297. 27297. 27297. 27297. 27297. 27297. 27297. 27297.
 27297. 27297. 27297. 27297. 27297. 27297. 27297. 27297. 27297. 27297.
 27297. 27297. 27297. 27297. 27297. 27297. 27297. 27297. 27297. 27297.
 27297. 27297. 27297. 27297. 27297. 27297. 27297. 27296. 27296. 27295.
 27294. 27294. 27294. 27292. 27292. 27291. 27291. 27290. 27289. 27289.
 27289. 27289. 27286. 27286. 27283. 27279. 27275. 27276. 27275. 27274.
 27273. 27272. 27271. 27271. 27270. 27265. 27263. 27263. 27263. 27260.
 27260. 27260. 27259. 27258. 27258. 27258. 27256. 27251. 27250. 27249.
 27243. 27240. 27240. 27236. 27235. 27234. 27234. 27233. 27233. 27232.
 27231. 27227. 27226. 27226. 27226. 27226. 27226. 27226. 27225. 27225.
 27225. 27224. 27224. 27224. 27224. 27224. 27223. 27223. 27221.]",0,
49,49,"[27297. 27297. 27297. 27297. 27297. 27297. 27297. 27297. 27297. 27297.
 27297. 27297. 27297. 27297. 27297. 27297. 27297. 27297. 27297. 27297.
 27297. 27297. 27297. 27297. 27297. 27297. 27297. 27297. 27297. 27297.
 27297. 27297. 27297. 27297. 27297. 27297. 27297. 27297. 27297. 27297.
 27297. 27297. 27297. 27297. 27297. 27297. 27297. 27297. 27297. 27297.
 27297. 27297. 27297. 27297. 27297. 27297. 27297. 27296. 27296. 27295.
 27294. 27294. 27294. 27292. 27292. 27291. 27291. 27290. 27289. 27289.
 27289. 27289. 27286. 27286. 27283. 27279. 27275. 27276. 27275. 27274.
 27273. 27272. 27271. 27271. 27270. 27265. 27263. 27263. 27263. 27260.
 27260. 27260. 27259. 27258. 27258. 27258. 27256. 27251. 27250. 27249.
 27243. 27240. 27240. 27236. 27235. 27234. 27234. 27233. 27233. 27232.
 27231. 27227. 27226. 27226. 27226. 27226. 27226. 27226. 27225. 27225.
 27225. 27224. 27224. 27224. 27224. 27224. 27223. 27223. 27221.]",0,
50,50,"[27297. 27297. 27297. 27297. 27297. 27297. 27297. 27297. 27297. 27297.
 27297. 27297. 27297. 27297. 27297. 27297. 27297. 27297. 27297. 27297.
 27297. 27297. 27297. 27297. 27297. 27297. 27297. 27297. 27297. 27297.
 27297. 27297. 27297. 27297. 27297. 27297. 27297. 27297. 27297. 27297.
 27297. 27297. 27297. 27297. 27297. 27297. 27297. 27297. 27297. 27297.
 27297. 27297. 27297. 27297. 27297. 27297. 27297. 27296. 27296. 27295.
 27294. 27294. 27294. 27292. 27292. 27291. 27291. 27290. 27289. 27289.
 27289. 27289. 27286. 27286. 27283. 27279. 27275. 27276. 27275. 27274.
 27273. 27272. 27271. 27271. 27270. 27265. 27263. 27263. 27263. 27260.
 27260. 27260. 27259. 27258. 27258. 27258. 27256. 27251. 27250. 27249.
 27243. 27240. 27240. 27236. 27235. 27234. 27234. 27233. 27233. 27232.
 27231. 27227. 27226. 27226. 27226. 27226. 27226. 27226. 27225. 27225.
 27225. 27224. 27224. 27224. 27224. 27224. 27223. 27223. 27221.]",0,
51,51,"[27297. 27297. 27297. 27297. 27297. 27297. 27297. 27297. 27297. 27297.
 27297. 27297. 27297. 27297. 27297. 27297. 27297. 27297. 27297. 27297.
 27297. 27297. 27297. 27297. 27297. 27297. 27297. 27297. 27297. 27297.
 27297. 27297. 27297. 27297. 27297. 27297. 27297. 27297. 27297. 27297.
 27297. 27297. 27297. 27297. 27297. 27297. 27297. 27297. 27297. 27297.
 27297. 27297. 27297. 27297. 27297. 27297. 27297. 27296. 27296. 27295.
 27294. 27294. 27294. 27292. 27292. 27291. 27291. 27290. 27289. 27289.
 27289. 27289. 27286. 27286. 27283. 27279. 27275. 27276. 27275. 27274.
 27273. 27272. 27271. 27271. 27270. 27265. 27263. 27263. 27263. 27260.
 27260. 27260. 27259. 27258. 27258. 27258. 27256. 27251. 27250. 27249.
 27243. 27240. 27240. 27236. 27235. 27234. 27234. 27233. 27233. 27232.
 27231. 27227. 27226. 27226. 27226. 27226. 27226. 27226. 27225. 27225.
 27225. 27224. 27224. 27224. 27224. 27224. 27223. 27223. 27221.]",0,
52,52,"[27297. 27297. 27297. 27297. 27297. 27297. 27297. 27297. 27297. 27297.
 27297. 27297. 27297. 27297. 27297. 27297. 27297. 27297. 27297. 27297.
 27297. 27297. 27297. 27297. 27297. 27297. 27297. 27297. 27297. 27297.
 27297. 27297. 27297. 27297. 27297. 27297. 27297. 27297. 27297. 27297.
 27297. 27297. 27297. 27297. 27297. 27297. 27297. 27297. 27297. 27297.
 27297. 27297. 27297. 27297. 27297. 27297. 27297. 27296. 27296. 27295.
 27294. 27294. 27294. 27292. 27292. 27291. 27291. 27290. 27289. 27289.
 27289. 27289. 27286. 27286. 27283. 27279. 27275. 27276. 27275. 27274.
 27273. 27272. 27271. 27271. 27270. 27265. 27263. 27263. 27263. 27260.
 27260. 27260. 27259. 27258. 27258. 27258. 27256. 27251. 27250. 27249.
 27243. 27240. 27240. 27236. 27235. 27234. 27234. 27233. 27233. 27232.
 27231. 27227. 27226. 27226. 27226. 27226. 27226. 27226. 27225. 27225.
 27225. 27224. 27224. 27224. 27224. 27224. 27223. 27223. 27221.]",0,
53,53,"[27297. 27297. 27297. 27297. 27297. 27297. 27297. 27297. 27297. 27297.
 27297. 27297. 27297. 27297. 27297. 27297. 27297. 27297. 27297. 27297.
 27297. 27297. 27297. 27297. 27297. 27297. 27297. 27297. 27297. 27297.
 27297. 27297. 27297. 27297. 27297. 27297. 27297. 27297. 27297. 27297.
 27297. 27297. 27297. 27297. 27297. 27297. 27297. 27297. 27297. 27297.
 27297. 27297. 27297. 27297. 27297. 27297. 27297. 27296. 27296. 27295.
 27294. 27294. 27294. 27292. 27292. 27291. 27291. 27290. 27289. 27289.
 27289. 27289. 27286. 27286. 27283. 27279. 27275. 27276. 27275. 27274.
 27273. 27272. 27271. 27271. 27270. 27265. 27263. 27263. 27263. 27260.
 27260. 27260. 27259. 27258. 27258. 27258. 27256. 27251. 27250. 27249.
 27243. 27240. 27240. 27236. 27235. 27234. 27234. 27233. 27233. 27232.
 27231. 27227. 27226. 27226. 27226. 27226. 27226. 27226. 27225. 27225.
 27225. 27224. 27224. 27224. 27224. 27224. 27223. 27223. 27221.]",0,
54,54,"[27297. 27297. 27297. 27297. 27297. 27297. 27297. 27297. 27297. 27297.
 27297. 27297. 27297. 27297. 27297. 27297. 27297. 27297. 27297. 27297.
 27297. 27297. 27297. 27297. 27297. 27297. 27297. 27297. 27297. 27297.
 27297. 27297. 27297. 27297. 27297. 27297. 27297. 27297. 27297. 27297.
 27297. 27297. 27297. 27297. 27297. 27297. 27297. 27297. 27297. 27297.
 27297. 27297. 27297. 27297. 27297. 27297. 27297. 27296. 27296. 27295.
 27294. 27294. 27294. 27292. 27292. 27291. 27291. 27290. 27289. 27289.
 27289. 27289. 27286. 27286. 27283. 27279. 27275. 27276. 27275. 27274.
 27273. 27272. 27271. 27271. 27270. 27265. 27263. 27263. 27263. 27260.
 27260. 27260. 27259. 27258. 27258. 27258. 27256. 27251. 27250. 27249.
 27243. 27240. 27240. 27236. 27235. 27234. 27234. 27233. 27233. 27232.
 27231. 27227. 27226. 27226. 27226. 27226. 27226. 27226. 27225. 27225.
 27225. 27224. 27224. 27224. 27224. 27224. 27223. 27223. 27221.]",0,
55,55,"[27297. 27297. 27297. 27297. 27297. 27297. 27297. 27297. 27297. 27297.
 27297. 27297. 27297. 27297. 27297. 27297. 27297. 27297. 27297. 27297.
 27297. 27297. 27297. 27297. 27297. 27297. 27297. 27297. 27297. 27297.
 27297. 27297. 27297. 27297. 27297. 27297. 27297. 27297. 27297. 27297.
 27297. 27297. 27297. 27297. 27297. 27297. 27297. 27297. 27297. 27297.
 27297. 27297. 27297. 27297. 27297. 27297. 27297. 27296. 27296. 27295.
 27294. 27294. 27294. 27292. 27292. 27291. 27291. 27290. 27289. 27289.
 27289. 27289. 27286. 27286. 27283. 27279. 27275. 27276. 27275. 27274.
 27273. 27272. 27271. 27271. 27270. 27265. 27263. 27263. 27263. 27260.
 27260. 27260. 27259. 27258. 27258. 27258. 27256. 27251. 27250. 27249.
 27243. 27240. 27240. 27236. 27235. 27234. 27234. 27233. 27233. 27232.
 27231. 27227. 27226. 27226. 27226. 27226. 27226. 27226. 27225. 27225.
 27225. 27224. 27224. 27224. 27224. 27224. 27223. 27223. 27221.]",0,
56,56,"[27297. 27297. 27297. 27297. 27297. 27297. 27297. 27297. 27297. 27297.
 27297. 27297. 27297. 27297. 27297. 27297. 27297. 27297. 27297. 27297.
 27297. 27297. 27297. 27297. 27297. 27297. 27297. 27297. 27297. 27297.
 27297. 27297. 27297. 27297. 27297. 27297. 27297. 27297. 27297. 27297.
 27297. 27297. 27297. 27297. 27297. 27297. 27297. 27297. 27297. 27297.
 27297. 27297. 27297. 27297. 27297. 27297. 27297. 27296. 27296. 27295.
 27294. 27294. 27294. 27292. 27292. 27291. 27291. 27290. 27289. 27289.
 27289. 27289. 27286. 27286. 27283. 27279. 27275. 27276. 27275. 27274.
 27273. 27272. 27271. 27271. 27270. 27265. 27263. 27263. 27263. 27260.
 27260. 27260. 27259. 27258. 27258. 27258. 27256. 27251. 27250. 27249.
 27243. 27240. 27240. 27236. 27235. 27234. 27234. 27233. 27233. 27232.
 27231. 27227. 27226. 27226. 27226. 27226. 27226. 27226. 27225. 27225.
 27225. 27224. 27224. 27224. 27224. 27224. 27223. 27223. 27221.]",0,
57,57,"[27297. 27297. 27297. 27297. 27297. 27297. 27297. 27297. 27297. 27297.
 27297. 27297. 27297. 27297. 27297. 27297. 27297. 27297. 27297. 27297.
 27297. 27297. 27297. 27297. 27297. 27297. 27297. 27297. 27297. 27297.
 27297. 27297. 27297. 27297. 27297. 27297. 27297. 27297. 27297. 27297.
 27297. 27297. 27297. 27297. 27297. 27297. 27297. 27297. 27297. 27297.
 27297. 27297. 27297. 27297. 27297. 27297. 27297. 27296. 27296. 27295.
 27294. 27294. 27294. 27292. 27292. 27291. 27291. 27290. 27289. 27289.
 27289. 27289. 27286. 27286. 27283. 27279. 27275. 27276. 27275. 27274.
 27273. 27272. 27271. 27271. 27270. 27265. 27263. 27263. 27263. 27260.
 27260. 27260. 27259. 27258. 27258. 27258. 27256. 27251. 27250. 27249.
 27243. 27240. 27240. 27236. 27235. 27234. 27234. 27233. 27233. 27232.
 27231. 27227. 27226. 27226. 27226. 27226. 27226. 27226. 27225. 27225.
 27225. 27224. 27224. 27224. 27224. 27224. 27223. 27223. 27221.]",1,
58,58,"[27297. 27297. 27297. 27297. 27297. 27297. 27297. 27297. 27297. 27297.
 27297. 27297. 27297. 27297. 27297. 27297. 27297. 27297. 27297. 27297.
 27297. 27297. 27297. 27297. 27297. 27297. 27297. 27297. 27297. 27297.
 27297. 27297. 27297. 27297. 27297. 27297. 27297. 27297. 27297. 27297.
 27297. 27297. 27297. 27297. 27297. 27297. 27297. 27297. 27297. 27297.
 27297. 27297. 27297. 27297. 27297. 27297. 27297. 27296. 27296. 27295.
 27294. 27294. 27294. 27292. 27292. 27291. 27291. 27290. 27289. 27289.
 27289. 27289. 27286. 27286. 27283. 27279. 27275. 27276. 27275. 27274.
 27273. 27272. 27271. 27271. 27270. 27265. 27263. 27263. 27263. 27260.
 27260. 27260. 27259. 27258. 27258. 27258. 27256. 27251. 27250. 27249.
 27243. 27240. 27240. 27236. 27235. 27234. 27234. 27233. 27233. 27232.
 27231. 27227. 27226. 27226. 27226. 27226. 27226. 27226. 27225. 27225.
 27225. 27224. 27224. 27224. 27224. 27224. 27223. 27223. 27221.]",1,
59,59,"[27297. 27297. 27297. 27297. 27297. 27297. 27297. 27297. 27297. 27297.
 27297. 27297. 27297. 27297. 27297. 27297. 27297. 27297. 27297. 27297.
 27297. 27297. 27297. 27297. 27297. 27297. 27297. 27297. 27297. 27297.
 27297. 27297. 27297. 27297. 27297. 27297. 27297. 27297. 27297. 27297.
 27297. 27297. 27297. 27297. 27297. 27297. 27297. 27297. 27297. 27297.
 27297. 27297. 27297. 27297. 27297. 27297. 27297. 27296. 27296. 27295.
 27294. 27294. 27294. 27292. 27292. 27291. 27291. 27290. 27289. 27289.
 27289. 27289. 27286. 27286. 27283. 27279. 27275. 27276. 27275. 27274.
 27273. 27272. 27271. 27271. 27270. 27265. 27263. 27263. 27263. 27260.
 27260. 27260. 27259. 27258. 27258. 27258. 27256. 27251. 27250. 27249.
 27243. 27240. 27240. 27236. 27235. 27234. 27234. 27233. 27233. 27232.
 27231. 27227. 27226. 27226. 27226. 27226. 27226. 27226. 27225. 27225.
 27225. 27224. 27224. 27224. 27224. 27224. 27223. 27223. 27221.]",2,
60,60,"[27297. 27297. 27297. 27297. 27297. 27297. 27297. 27297. 27297. 27297.
 27297. 27297. 27297. 27297. 27297. 27297. 27297. 27297. 27297. 27297.
 27297. 27297. 27297. 27297. 27297. 27297. 27297. 27297. 27297. 27297.
 27297. 27297. 27297. 27297. 27297. 27297. 27297. 27297. 27297. 27297.
 27297. 27297. 27297. 27297. 27297. 27297. 27297. 27297. 27297. 27297.
 27297. 27297. 27297. 27297. 27297. 27297. 27297. 27296. 27296. 27295.
 27294. 27294. 27294. 27292. 27292. 27291. 27291. 27290. 27289. 27289.
 27289. 27289. 27286. 27286. 27283. 27279. 27275. 27276. 27275. 27274.
 27273. 27272. 27271. 27271. 27270. 27265. 27263. 27263. 27263. 27260.
 27260. 27260. 27259. 27258. 27258. 27258. 27256. 27251. 27250. 27249.
 27243. 27240. 27240. 27236. 27235. 27234. 27234. 27233. 27233. 27232.
 27231. 27227. 27226. 27226. 27226. 27226. 27226. 27226. 27225. 27225.
 27225. 27224. 27224. 27224. 27224. 27224. 27223. 27223. 27221.]",3,
61,61,"[27297. 27297. 27297. 27297. 27297. 27297. 27297. 27297. 27297. 27297.
 27297. 27297. 27297. 27297. 27297. 27297. 27297. 27297. 27297. 27297.
 27297. 27297. 27297. 27297. 27297. 27297. 27297. 27297. 27297. 27297.
 27297. 27297. 27297. 27297. 27297. 27297. 27297. 27297. 27297. 27297.
 27297. 27297. 27297. 27297. 27297. 27297. 27297. 27297. 27297. 27297.
 27297. 27297. 27297. 27297. 27297. 27297. 27297. 27296. 27296. 27295.
 27294. 27294. 27294. 27292. 27292. 27291. 27291. 27290. 27289. 27289.
 27289. 27289. 27286. 27286. 27283. 27279. 27275. 27276. 27275. 27274.
 27273. 27272. 27271. 27271. 27270. 27265. 27263. 27263. 27263. 27260.
 27260. 27260. 27259. 27258. 27258. 27258. 27256. 27251. 27250. 27249.
 27243. 27240. 27240. 27236. 27235. 27234. 27234. 27233. 27233. 27232.
 27231. 27227. 27226. 27226. 27226. 27226. 27226. 27226. 27225. 27225.
 27225. 27224. 27224. 27224. 27224. 27224. 27223. 27223. 27221.]",3,
62,62,"[27297. 27297. 27297. 27297. 27297. 27297. 27297. 27297. 27297. 27297.
 27297. 27297. 27297. 27297. 27297. 27297. 27297. 27297. 27297. 27297.
 27297. 27297. 27297. 27297. 27297. 27297. 27297. 27297. 27297. 27297.
 27297. 27297. 27297. 27297. 27297. 27297. 27297. 27297. 27297. 27297.
 27297. 27297. 27297. 27297. 27297. 27297. 27297. 27297. 27297. 27297.
 27297. 27297. 27297. 27297. 27297. 27297. 27297. 27296. 27296. 27295.
 27294. 27294. 27294. 27292. 27292. 27291. 27291. 27290. 27289. 27289.
 27289. 27289. 27286. 27286. 27283. 27279. 27275. 27276. 27275. 27274.
 27273. 27272. 27271. 27271. 27270. 27265. 27263. 27263. 27263. 27260.
 27260. 27260. 27259. 27258. 27258. 27258. 27256. 27251. 27250. 27249.
 27243. 27240. 27240. 27236. 27235. 27234. 27234. 27233. 27233. 27232.
 27231. 27227. 27226. 27226. 27226. 27226. 27226. 27226. 27225. 27225.
 27225. 27224. 27224. 27224. 27224. 27224. 27223. 27223. 27221.]",3,
63,63,"[27297. 27297. 27297. 27297. 27297. 27297. 27297. 27297. 27297. 27297.
 27297. 27297. 27297. 27297. 27297. 27297. 27297. 27297. 27297. 27297.
 27297. 27297. 27297. 27297. 27297. 27297. 27297. 27297. 27297. 27297.
 27297. 27297. 27297. 27297. 27297. 27297. 27297. 27297. 27297. 27297.
 27297. 27297. 27297. 27297. 27297. 27297. 27297. 27297. 27297. 27297.
 27297. 27297. 27297. 27297. 27297. 27297. 27297. 27296. 27296. 27295.
 27294. 27294. 27294. 27292. 27292. 27291. 27291. 27290. 27289. 27289.
 27289. 27289. 27286. 27286. 27283. 27279. 27275. 27276. 27275. 27274.
 27273. 27272. 27271. 27271. 27270. 27265. 27263. 27263. 27263. 27260.
 27260. 27260. 27259. 27258. 27258. 27258. 27256. 27251. 27250. 27249.
 27243. 27240. 27240. 27236. 27235. 27234. 27234. 27233. 27233. 27232.
 27231. 27227. 27226. 27226. 27226. 27226. 27226. 27226. 27225. 27225.
 27225. 27224. 27224. 27224. 27224. 27224. 27223. 27223. 27221.]",5,
64,64,"[27297. 27297. 27297. 27297. 27297. 27297. 27297. 27297. 27297. 27297.
 27297. 27297. 27297. 27297. 27297. 27297. 27297. 27297. 27297. 27297.
 27297. 27297. 27297. 27297. 27297. 27297. 27297. 27297. 27297. 27297.
 27297. 27297. 27297. 27297. 27297. 27297. 27297. 27297. 27297. 27297.
 27297. 27297. 27297. 27297. 27297. 27297. 27297. 27297. 27297. 27297.
 27297. 27297. 27297. 27297. 27297. 27297. 27297. 27296. 27296. 27295.
 27294. 27294. 27294. 27292. 27292. 27291. 27291. 27290. 27289. 27289.
 27289. 27289. 27286. 27286. 27283. 27279. 27275. 27276. 27275. 27274.
 27273. 27272. 27271. 27271. 27270. 27265. 27263. 27263. 27263. 27260.
 27260. 27260. 27259. 27258. 27258. 27258. 27256. 27251. 27250. 27249.
 27243. 27240. 27240. 27236. 27235. 27234. 27234. 27233. 27233. 27232.
 27231. 27227. 27226. 27226. 27226. 27226. 27226. 27226. 27225. 27225.
 27225. 27224. 27224. 27224. 27224. 27224. 27223. 27223. 27221.]",5,
65,65,"[27297. 27297. 27297. 27297. 27297. 27297. 27297. 27297. 27297. 27297.
 27297. 27297. 27297. 27297. 27297. 27297. 27297. 27297. 27297. 27297.
 27297. 27297. 27297. 27297. 27297. 27297. 27297. 27297. 27297. 27297.
 27297. 27297. 27297. 27297. 27297. 27297. 27297. 27297. 27297. 27297.
 27297. 27297. 27297. 27297. 27297. 27297. 27297. 27297. 27297. 27297.
 27297. 27297. 27297. 27297. 27297. 27297. 27297. 27296. 27296. 27295.
 27294. 27294. 27294. 27292. 27292. 27291. 27291. 27290. 27289. 27289.
 27289. 27289. 27286. 27286. 27283. 27279. 27275. 27276. 27275. 27274.
 27273. 27272. 27271. 27271. 27270. 27265. 27263. 27263. 27263. 27260.
 27260. 27260. 27259. 27258. 27258. 27258. 27256. 27251. 27250. 27249.
 27243. 27240. 27240. 27236. 27235. 27234. 27234. 27233. 27233. 27232.
 27231. 27227. 27226. 27226. 27226. 27226. 27226. 27226. 27225. 27225.
 27225. 27224. 27224. 27224. 27224. 27224. 27223. 27223. 27221.]",6,
66,66,"[27297. 27297. 27297. 27297. 27297. 27297. 27297. 27297. 27297. 27297.
 27297. 27297. 27297. 27297. 27297. 27297. 27297. 27297. 27297. 27297.
 27297. 27297. 27297. 27297. 27297. 27297. 27297. 27297. 27297. 27297.
 27297. 27297. 27297. 27297. 27297. 27297. 27297. 27297. 27297. 27297.
 27297. 27297. 27297. 27297. 27297. 27297. 27297. 27297. 27297. 27297.
 27297. 27297. 27297. 27297. 27297. 27297. 27297. 27296. 27296. 27295.
 27294. 27294. 27294. 27292. 27292. 27291. 27291. 27290. 27289. 27289.
 27289. 27289. 27286. 27286. 27283. 27279. 27275. 27276. 27275. 27274.
 27273. 27272. 27271. 27271. 27270. 27265. 27263. 27263. 27263. 27260.
 27260. 27260. 27259. 27258. 27258. 27258. 27256. 27251. 27250. 27249.
 27243. 27240. 27240. 27236. 27235. 27234. 27234. 27233. 27233. 27232.
 27231. 27227. 27226. 27226. 27226. 27226. 27226. 27226. 27225. 27225.
 27225. 27224. 27224. 27224. 27224. 27224. 27223. 27223. 27221.]",6,
67,67,"[27297. 27297. 27297. 27297. 27297. 27297. 27297. 27297. 27297. 27297.
 27297. 27297. 27297. 27297. 27297. 27297. 27297. 27297. 27297. 27297.
 27297. 27297. 27297. 27297. 27297. 27297. 27297. 27297. 27297. 27297.
 27297. 27297. 27297. 27297. 27297. 27297. 27297. 27297. 27297. 27297.
 27297. 27297. 27297. 27297. 27297. 27297. 27297. 27297. 27297. 27297.
 27297. 27297. 27297. 27297. 27297. 27297. 27297. 27296. 27296. 27295.
 27294. 27294. 27294. 27292. 27292. 27291. 27291. 27290. 27289. 27289.
 27289. 27289. 27286. 27286. 27283. 27279. 27275. 27276. 27275. 27274.
 27273. 27272. 27271. 27271. 27270. 27265. 27263. 27263. 27263. 27260.
 27260. 27260. 27259. 27258. 27258. 27258. 27256. 27251. 27250. 27249.
 27243. 27240. 27240. 27236. 27235. 27234. 27234. 27233. 27233. 27232.
 27231. 27227. 27226. 27226. 27226. 27226. 27226. 27226. 27225. 27225.
 27225. 27224. 27224. 27224. 27224. 27224. 27223. 27223. 27221.]",6,
68,68,"[27297. 27297. 27297. 27297. 27297. 27297. 27297. 27297. 27297. 27297.
 27297. 27297. 27297. 27297. 27297. 27297. 27297. 27297. 27297. 27297.
 27297. 27297. 27297. 27297. 27297. 27297. 27297. 27297. 27297. 27297.
 27297. 27297. 27297. 27297. 27297. 27297. 27297. 27297. 27297. 27297.
 27297. 27297. 27297. 27297. 27297. 27297. 27297. 27297. 27297. 27297.
 27297. 27297. 27297. 27297. 27297. 27297. 27297. 27296. 27296. 27295.
 27294. 27294. 27294. 27292. 27292. 27291. 27291. 27290. 27289. 27289.
 27289. 27289. 27286. 27286. 27283. 27279. 27275. 27276. 27275. 27274.
 27273. 27272. 27271. 27271. 27270. 27265. 27263. 27263. 27263. 27260.
 27260. 27260. 27259. 27258. 27258. 27258. 27256. 27251. 27250. 27249.
 27243. 27240. 27240. 27236. 27235. 27234. 27234. 27233. 27233. 27232.
 27231. 27227. 27226. 27226. 27226. 27226. 27226. 27226. 27225. 27225.
 27225. 27224. 27224. 27224. 27224. 27224. 27223. 27223. 27221.]",7,
69,69,"[27297. 27297. 27297. 27297. 27297. 27297. 27297. 27297. 27297. 27297.
 27297. 27297. 27297. 27297. 27297. 27297. 27297. 27297. 27297. 27297.
 27297. 27297. 27297. 27297. 27297. 27297. 27297. 27297. 27297. 27297.
 27297. 27297. 27297. 27297. 27297. 27297. 27297. 27297. 27297. 27297.
 27297. 27297. 27297. 27297. 27297. 27297. 27297. 27297. 27297. 27297.
 27297. 27297. 27297. 27297. 27297. 27297. 27297. 27296. 27296. 27295.
 27294. 27294. 27294. 27292. 27292. 27291. 27291. 27290. 27289. 27289.
 27289. 27289. 27286. 27286. 27283. 27279. 27275. 27276. 27275. 27274.
 27273. 27272. 27271. 27271. 27270. 27265. 27263. 27263. 27263. 27260.
 27260. 27260. 27259. 27258. 27258. 27258. 27256. 27251. 27250. 27249.
 27243. 27240. 27240. 27236. 27235. 27234. 27234. 27233. 27233. 27232.
 27231. 27227. 27226. 27226. 27226. 27226. 27226. 27226. 27225. 27225.
 27225. 27224. 27224. 27224. 27224. 27224. 27223. 27223. 27221.]",7,
70,70,"[27297. 27297. 27297. 27297. 27297. 27297. 27297. 27297. 27297. 27297.
 27297. 27297. 27297. 27297. 27297. 27297. 27297. 27297. 27297. 27297.
 27297. 27297. 27297. 27297. 27297. 27297. 27297. 27297. 27297. 27297.
 27297. 27297. 27297. 27297. 27297. 27297. 27297. 27297. 27297. 27297.
 27297. 27297. 27297. 27297. 27297. 27297. 27297. 27297. 27297. 27297.
 27297. 27297. 27297. 27297. 27297. 27297. 27297. 27296. 27296. 27295.
 27294. 27294. 27294. 27292. 27292. 27291. 27291. 27290. 27289. 27289.
 27289. 27289. 27286. 27286. 27283. 27279. 27275. 27276. 27275. 27274.
 27273. 27272. 27271. 27271. 27270. 27265. 27263. 27263. 27263. 27260.
 27260. 27260. 27259. 27258. 27258. 27258. 27256. 27251. 27250. 27249.
 27243. 27240. 27240. 27236. 27235. 27234. 27234. 27233. 27233. 27232.
 27231. 27227. 27226. 27226. 27226. 27226. 27226. 27226. 27225. 27225.
 27225. 27224. 27224. 27224. 27224. 27224. 27223. 27223. 27221.]",7,
71,71,"[27297. 27297. 27297. 27297. 27297. 27297. 27297. 27297. 27297. 27297.
 27297. 27297. 27297. 27297. 27297. 27297. 27297. 27297. 27297. 27297.
 27297. 27297. 27297. 27297. 27297. 27297. 27297. 27297. 27297. 27297.
 27297. 27297. 27297. 27297. 27297. 27297. 27297. 27297. 27297. 27297.
 27297. 27297. 27297. 27297. 27297. 27297. 27297. 27297. 27297. 27297.
 27297. 27297. 27297. 27297. 27297. 27297. 27297. 27296. 27296. 27295.
 27294. 27294. 27294. 27292. 27292. 27291. 27291. 27290. 27289. 27289.
 27289. 27289. 27286. 27286. 27283. 27279. 27275. 27276. 27275. 27274.
 27273. 27272. 27271. 27271. 27270. 27265. 27263. 27263. 27263. 27260.
 27260. 27260. 27259. 27258. 27258. 27258. 27256. 27251. 27250. 27249.
 27243. 27240. 27240. 27236. 27235. 27234. 27234. 27233. 27233. 27232.
 27231. 27227. 27226. 27226. 27226. 27226. 27226. 27226. 27225. 27225.
 27225. 27224. 27224. 27224. 27224. 27224. 27223. 27223. 27221.]",7,
72,72,"[27297. 27297. 27297. 27297. 27297. 27297. 27297. 27297. 27297. 27297.
 27297. 27297. 27297. 27297. 27297. 27297. 27297. 27297. 27297. 27297.
 27297. 27297. 27297. 27297. 27297. 27297. 27297. 27297. 27297. 27297.
 27297. 27297. 27297. 27297. 27297. 27297. 27297. 27297. 27297. 27297.
 27297. 27297. 27297. 27297. 27297. 27297. 27297. 27297. 27297. 27297.
 27297. 27297. 27297. 27297. 27297. 27297. 27297. 27296. 27296. 27295.
 27294. 27294. 27294. 27292. 27292. 27291. 27291. 27290. 27289. 27289.
 27289. 27289. 27286. 27286. 27283. 27279. 27275. 27276. 27275. 27274.
 27273. 27272. 27271. 27271. 27270. 27265. 27263. 27263. 27263. 27260.
 27260. 27260. 27259. 27258. 27258. 27258. 27256. 27251. 27250. 27249.
 27243. 27240. 27240. 27236. 27235. 27234. 27234. 27233. 27233. 27232.
 27231. 27227. 27226. 27226. 27226. 27226. 27226. 27226. 27225. 27225.
 27225. 27224. 27224. 27224. 27224. 27224. 27223. 27223. 27221.]",10,
73,73,"[27297. 27297. 27297. 27297. 27297. 27297. 27297. 27297. 27297. 27297.
 27297. 27297. 27297. 27297. 27297. 27297. 27297. 27297. 27297. 27297.
 27297. 27297. 27297. 27297. 27297. 27297. 27297. 27297. 27297. 27297.
 27297. 27297. 27297. 27297. 27297. 27297. 27297. 27297. 27297. 27297.
 27297. 27297. 27297. 27297. 27297. 27297. 27297. 27297. 27297. 27297.
 27297. 27297. 27297. 27297. 27297. 27297. 27297. 27296. 27296. 27295.
 27294. 27294. 27294. 27292. 27292. 27291. 27291. 27290. 27289. 27289.
 27289. 27289. 27286. 27286. 27283. 27279. 27275. 27276. 27275. 27274.
 27273. 27272. 27271. 27271. 27270. 27265. 27263. 27263. 27263. 27260.
 27260. 27260. 27259. 27258. 27258. 27258. 27256. 27251. 27250. 27249.
 27243. 27240. 27240. 27236. 27235. 27234. 27234. 27233. 27233. 27232.
 27231. 27227. 27226. 27226. 27226. 27226. 27226. 27226. 27225. 27225.
 27225. 27224. 27224. 27224. 27224. 27224. 27223. 27223. 27221.]",10,
74,74,"[27297. 27297. 27297. 27297. 27297. 27297. 27297. 27297. 27297. 27297.
 27297. 27297. 27297. 27297. 27297. 27297. 27297. 27297. 27297. 27297.
 27297. 27297. 27297. 27297. 27297. 27297. 27297. 27297. 27297. 27297.
 27297. 27297. 27297. 27297. 27297. 27297. 27297. 27297. 27297. 27297.
 27297. 27297. 27297. 27297. 27297. 27297. 27297. 27297. 27297. 27297.
 27297. 27297. 27297. 27297. 27297. 27297. 27297. 27296. 27296. 27295.
 27294. 27294. 27294. 27292. 27292. 27291. 27291. 27290. 27289. 27289.
 27289. 27289. 27286. 27286. 27283. 27279. 27275. 27276. 27275. 27274.
 27273. 27272. 27271. 27271. 27270. 27265. 27263. 27263. 27263. 27260.
 27260. 27260. 27259. 27258. 27258. 27258. 27256. 27251. 27250. 27249.
 27243. 27240. 27240. 27236. 27235. 27234. 27234. 27233. 27233. 27232.
 27231. 27227. 27226. 27226. 27226. 27226. 27226. 27226. 27225. 27225.
 27225. 27224. 27224. 27224. 27224. 27224. 27223. 27223. 27221.]",13,
75,75,"[27297. 27297. 27297. 27297. 27297. 27297. 27297. 27297. 27297. 27297.
 27297. 27297. 27297. 27297. 27297. 27297. 27297. 27297. 27297. 27297.
 27297. 27297. 27297. 27297. 27297. 27297. 27297. 27297. 27297. 27297.
 27297. 27297. 27297. 27297. 27297. 27297. 27297. 27297. 27297. 27297.
 27297. 27297. 27297. 27297. 27297. 27297. 27297. 27297. 27297. 27297.
 27297. 27297. 27297. 27297. 27297. 27297. 27297. 27296. 27296. 27295.
 27294. 27294. 27294. 27292. 27292. 27291. 27291. 27290. 27289. 27289.
 27289. 27289. 27286. 27286. 27283. 27279. 27275. 27276. 27275. 27274.
 27273. 27272. 27271. 27271. 27270. 27265. 27263. 27263. 27263. 27260.
 27260. 27260. 27259. 27258. 27258. 27258. 27256. 27251. 27250. 27249.
 27243. 27240. 27240. 27236. 27235. 27234. 27234. 27233. 27233. 27232.
 27231. 27227. 27226. 27226. 27226. 27226. 27226. 27226. 27225. 27225.
 27225. 27224. 27224. 27224. 27224. 27224. 27223. 27223. 27221.]",16,
76,76,"[27297. 27297. 27297. 27297. 27297. 27297. 27297. 27297. 27297. 27297.
 27297. 27297. 27297. 27297. 27297. 27297. 27297. 27297. 27297. 27297.
 27297. 27297. 27297. 27297. 27297. 27297. 27297. 27297. 27297. 27297.
 27297. 27297. 27297. 27297. 27297. 27297. 27297. 27297. 27297. 27297.
 27297. 27297. 27297. 27297. 27297. 27297. 27297. 27297. 27297. 27297.
 27297. 27297. 27297. 27297. 27297. 27297. 27297. 27296. 27296. 27295.
 27294. 27294. 27294. 27292. 27292. 27291. 27291. 27290. 27289. 27289.
 27289. 27289. 27286. 27286. 27283. 27279. 27275. 27276. 27275. 27274.
 27273. 27272. 27271. 27271. 27270. 27265. 27263. 27263. 27263. 27260.
 27260. 27260. 27259. 27258. 27258. 27258. 27256. 27251. 27250. 27249.
 27243. 27240. 27240. 27236. 27235. 27234. 27234. 27233. 27233. 27232.
 27231. 27227. 27226. 27226. 27226. 27226. 27226. 27226. 27225. 27225.
 27225. 27224. 27224. 27224. 27224. 27224. 27223. 27223. 27221.]",20,
77,77,"[27297. 27297. 27297. 27297. 27297. 27297. 27297. 27297. 27297. 27297.
 27297. 27297. 27297. 27297. 27297. 27297. 27297. 27297. 27297. 27297.
 27297. 27297. 27297. 27297. 27297. 27297. 27297. 27297. 27297. 27297.
 27297. 27297. 27297. 27297. 27297. 27297. 27297. 27297. 27297. 27297.
 27297. 27297. 27297. 27297. 27297. 27297. 27297. 27297. 27297. 27297.
 27297. 27297. 27297. 27297. 27297. 27297. 27297. 27296. 27296. 27295.
 27294. 27294. 27294. 27292. 27292. 27291. 27291. 27290. 27289. 27289.
 27289. 27289. 27286. 27286. 27283. 27279. 27275. 27276. 27275. 27274.
 27273. 27272. 27271. 27271. 27270. 27265. 27263. 27263. 27263. 27260.
 27260. 27260. 27259. 27258. 27258. 27258. 27256. 27251. 27250. 27249.
 27243. 27240. 27240. 27236. 27235. 27234. 27234. 27233. 27233. 27232.
 27231. 27227. 27226. 27226. 27226. 27226. 27226. 27226. 27225. 27225.
 27225. 27224. 27224. 27224. 27224. 27224. 27223. 27223. 27221.]",19,
78,78,"[27297. 27297. 27297. 27297. 27297. 27297. 27297. 27297. 27297. 27297.
 27297. 27297. 27297. 27297. 27297. 27297. 27297. 27297. 27297. 27297.
 27297. 27297. 27297. 27297. 27297. 27297. 27297. 27297. 27297. 27297.
 27297. 27297. 27297. 27297. 27297. 27297. 27297. 27297. 27297. 27297.
 27297. 27297. 27297. 27297. 27297. 27297. 27297. 27297. 27297. 27297.
 27297. 27297. 27297. 27297. 27297. 27297. 27297. 27296. 27296. 27295.
 27294. 27294. 27294. 27292. 27292. 27291. 27291. 27290. 27289. 27289.
 27289. 27289. 27286. 27286. 27283. 27279. 27275. 27276. 27275. 27274.
 27273. 27272. 27271. 27271. 27270. 27265. 27263. 27263. 27263. 27260.
 27260. 27260. 27259. 27258. 27258. 27258. 27256. 27251. 27250. 27249.
 27243. 27240. 27240. 27236. 27235. 27234. 27234. 27233. 27233. 27232.
 27231. 27227. 27226. 27226. 27226. 27226. 27226. 27226. 27225. 27225.
 27225. 27224. 27224. 27224. 27224. 27224. 27223. 27223. 27221.]",20,
79,79,"[27297. 27297. 27297. 27297. 27297. 27297. 27297. 27297. 27297. 27297.
 27297. 27297. 27297. 27297. 27297. 27297. 27297. 27297. 27297. 27297.
 27297. 27297. 27297. 27297. 27297. 27297. 27297. 27297. 27297. 27297.
 27297. 27297. 27297. 27297. 27297. 27297. 27297. 27297. 27297. 27297.
 27297. 27297. 27297. 27297. 27297. 27297. 27297. 27297. 27297. 27297.
 27297. 27297. 27297. 27297. 27297. 27297. 27297. 27296. 27296. 27295.
 27294. 27294. 27294. 27292. 27292. 27291. 27291. 27290. 27289. 27289.
 27289. 27289. 27286. 27286. 27283. 27279. 27275. 27276. 27275. 27274.
 27273. 27272. 27271. 27271. 27270. 27265. 27263. 27263. 27263. 27260.
 27260. 27260. 27259. 27258. 27258. 27258. 27256. 27251. 27250. 27249.
 27243. 27240. 27240. 27236. 27235. 27234. 27234. 27233. 27233. 27232.
 27231. 27227. 27226. 27226. 27226. 27226. 27226. 27226. 27225. 27225.
 27225. 27224. 27224. 27224. 27224. 27224. 27223. 27223. 27221.]",21,
80,80,"[27297. 27297. 27297. 27297. 27297. 27297. 27297. 27297. 27297. 27297.
 27297. 27297. 27297. 27297. 27297. 27297. 27297. 27297. 27297. 27297.
 27297. 27297. 27297. 27297. 27297. 27297. 27297. 27297. 27297. 27297.
 27297. 27297. 27297. 27297. 27297. 27297. 27297. 27297. 27297. 27297.
 27297. 27297. 27297. 27297. 27297. 27297. 27297. 27297. 27297. 27297.
 27297. 27297. 27297. 27297. 27297. 27297. 27297. 27296. 27296. 27295.
 27294. 27294. 27294. 27292. 27292. 27291. 27291. 27290. 27289. 27289.
 27289. 27289. 27286. 27286. 27283. 27279. 27275. 27276. 27275. 27274.
 27273. 27272. 27271. 27271. 27270. 27265. 27263. 27263. 27263. 27260.
 27260. 27260. 27259. 27258. 27258. 27258. 27256. 27251. 27250. 27249.
 27243. 27240. 27240. 27236. 27235. 27234. 27234. 27233. 27233. 27232.
 27231. 27227. 27226. 27226. 27226. 27226. 27226. 27226. 27225. 27225.
 27225. 27224. 27224. 27224. 27224. 27224. 27223. 27223. 27221.]",22,
81,81,"[27297. 27297. 27297. 27297. 27297. 27297. 27297. 27297. 27297. 27297.
 27297. 27297. 27297. 27297. 27297. 27297. 27297. 27297. 27297. 27297.
 27297. 27297. 27297. 27297. 27297. 27297. 27297. 27297. 27297. 27297.
 27297. 27297. 27297. 27297. 27297. 27297. 27297. 27297. 27297. 27297.
 27297. 27297. 27297. 27297. 27297. 27297. 27297. 27297. 27297. 27297.
 27297. 27297. 27297. 27297. 27297. 27297. 27297. 27296. 27296. 27295.
 27294. 27294. 27294. 27292. 27292. 27291. 27291. 27290. 27289. 27289.
 27289. 27289. 27286. 27286. 27283. 27279. 27275. 27276. 27275. 27274.
 27273. 27272. 27271. 27271. 27270. 27265. 27263. 27263. 27263. 27260.
 27260. 27260. 27259. 27258. 27258. 27258. 27256. 27251. 27250. 27249.
 27243. 27240. 27240. 27236. 27235. 27234. 27234. 27233. 27233. 27232.
 27231. 27227. 27226. 27226. 27226. 27226. 27226. 27226. 27225. 27225.
 27225. 27224. 27224. 27224. 27224. 27224. 27223. 27223. 27221.]",23,
82,82,"[27297. 27297. 27297. 27297. 27297. 27297. 27297. 27297. 27297. 27297.
 27297. 27297. 27297. 27297. 27297. 27297. 27297. 27297. 27297. 27297.
 27297. 27297. 27297. 27297. 27297. 27297. 27297. 27297. 27297. 27297.
 27297. 27297. 27297. 27297. 27297. 27297. 27297. 27297. 27297. 27297.
 27297. 27297. 27297. 27297. 27297. 27297. 27297. 27297. 27297. 27297.
 27297. 27297. 27297. 27297. 27297. 27297. 27297. 27296. 27296. 27295.
 27294. 27294. 27294. 27292. 27292. 27291. 27291. 27290. 27289. 27289.
 27289. 27289. 27286. 27286. 27283. 27279. 27275. 27276. 27275. 27274.
 27273. 27272. 27271. 27271. 27270. 27265. 27263. 27263. 27263. 27260.
 27260. 27260. 27259. 27258. 27258. 27258. 27256. 27251. 27250. 27249.
 27243. 27240. 27240. 27236. 27235. 27234. 27234. 27233. 27233. 27232.
 27231. 27227. 27226. 27226. 27226. 27226. 27226. 27226. 27225. 27225.
 27225. 27224. 27224. 27224. 27224. 27224. 27223. 27223. 27221.]",24,
83,83,"[27297. 27297. 27297. 27297. 27297. 27297. 27297. 27297. 27297. 27297.
 27297. 27297. 27297. 27297. 27297. 27297. 27297. 27297. 27297. 27297.
 27297. 27297. 27297. 27297. 27297. 27297. 27297. 27297. 27297. 27297.
 27297. 27297. 27297. 27297. 27297. 27297. 27297. 27297. 27297. 27297.
 27297. 27297. 27297. 27297. 27297. 27297. 27297. 27297. 27297. 27297.
 27297. 27297. 27297. 27297. 27297. 27297. 27297. 27296. 27296. 27295.
 27294. 27294. 27294. 27292. 27292. 27291. 27291. 27290. 27289. 27289.
 27289. 27289. 27286. 27286. 27283. 27279. 27275. 27276. 27275. 27274.
 27273. 27272. 27271. 27271. 27270. 27265. 27263. 27263. 27263. 27260.
 27260. 27260. 27259. 27258. 27258. 27258. 27256. 27251. 27250. 27249.
 27243. 27240. 27240. 27236. 27235. 27234. 27234. 27233. 27233. 27232.
 27231. 27227. 27226. 27226. 27226. 27226. 27226. 27226. 27225. 27225.
 27225. 27224. 27224. 27224. 27224. 27224. 27223. 27223. 27221.]",24,
84,84,"[27297. 27297. 27297. 27297. 27297. 27297. 27297. 27297. 27297. 27297.
 27297. 27297. 27297. 27297. 27297. 27297. 27297. 27297. 27297. 27297.
 27297. 27297. 27297. 27297. 27297. 27297. 27297. 27297. 27297. 27297.
 27297. 27297. 27297. 27297. 27297. 27297. 27297. 27297. 27297. 27297.
 27297. 27297. 27297. 27297. 27297. 27297. 27297. 27297. 27297. 27297.
 27297. 27297. 27297. 27297. 27297. 27297. 27297. 27296. 27296. 27295.
 27294. 27294. 27294. 27292. 27292. 27291. 27291. 27290. 27289. 27289.
 27289. 27289. 27286. 27286. 27283. 27279. 27275. 27276. 27275. 27274.
 27273. 27272. 27271. 27271. 27270. 27265. 27263. 27263. 27263. 27260.
 27260. 27260. 27259. 27258. 27258. 27258. 27256. 27251. 27250. 27249.
 27243. 27240. 27240. 27236. 27235. 27234. 27234. 27233. 27233. 27232.
 27231. 27227. 27226. 27226. 27226. 27226. 27226. 27226. 27225. 27225.
 27225. 27224. 27224. 27224. 27224. 27224. 27223. 27223. 27221.]",25,
85,85,"[27297. 27297. 27297. 27297. 27297. 27297. 27297. 27297. 27297. 27297.
 27297. 27297. 27297. 27297. 27297. 27297. 27297. 27297. 27297. 27297.
 27297. 27297. 27297. 27297. 27297. 27297. 27297. 27297. 27297. 27297.
 27297. 27297. 27297. 27297. 27297. 27297. 27297. 27297. 27297. 27297.
 27297. 27297. 27297. 27297. 27297. 27297. 27297. 27297. 27297. 27297.
 27297. 27297. 27297. 27297. 27297. 27297. 27297. 27296. 27296. 27295.
 27294. 27294. 27294. 27292. 27292. 27291. 27291. 27290. 27289. 27289.
 27289. 27289. 27286. 27286. 27283. 27279. 27275. 27276. 27275. 27274.
 27273. 27272. 27271. 27271. 27270. 27265. 27263. 27263. 27263. 27260.
 27260. 27260. 27259. 27258. 27258. 27258. 27256. 27251. 27250. 27249.
 27243. 27240. 27240. 27236. 27235. 27234. 27234. 27233. 27233. 27232.
 27231. 27227. 27226. 27226. 27226. 27226. 27226. 27226. 27225. 27225.
 27225. 27224. 27224. 27224. 27224. 27224. 27223. 27223. 27221.]",30,
86,86,"[27297. 27297. 27297. 27297. 27297. 27297. 27297. 27297. 27297. 27297.
 27297. 27297. 27297. 27297. 27297. 27297. 27297. 27297. 27297. 27297.
 27297. 27297. 27297. 27297. 27297. 27297. 27297. 27297. 27297. 27297.
 27297. 27297. 27297. 27297. 27297. 27297. 27297. 27297. 27297. 27297.
 27297. 27297. 27297. 27297. 27297. 27297. 27297. 27297. 27297. 27297.
 27297. 27297. 27297. 27297. 27297. 27297. 27297. 27296. 27296. 27295.
 27294. 27294. 27294. 27292. 27292. 27291. 27291. 27290. 27289. 27289.
 27289. 27289. 27286. 27286. 27283. 27279. 27275. 27276. 27275. 27274.
 27273. 27272. 27271. 27271. 27270. 27265. 27263. 27263. 27263. 27260.
 27260. 27260. 27259. 27258. 27258. 27258. 27256. 27251. 27250. 27249.
 27243. 27240. 27240. 27236. 27235. 27234. 27234. 27233. 27233. 27232.
 27231. 27227. 27226. 27226. 27226. 27226. 27226. 27226. 27225. 27225.
 27225. 27224. 27224. 27224. 27224. 27224. 27223. 27223. 27221.]",32,
87,87,"[27297. 27297. 27297. 27297. 27297. 27297. 27297. 27297. 27297. 27297.
 27297. 27297. 27297. 27297. 27297. 27297. 27297. 27297. 27297. 27297.
 27297. 27297. 27297. 27297. 27297. 27297. 27297. 27297. 27297. 27297.
 27297. 27297. 27297. 27297. 27297. 27297. 27297. 27297. 27297. 27297.
 27297. 27297. 27297. 27297. 27297. 27297. 27297. 27297. 27297. 27297.
 27297. 27297. 27297. 27297. 27297. 27297. 27297. 27296. 27296. 27295.
 27294. 27294. 27294. 27292. 27292. 27291. 27291. 27290. 27289. 27289.
 27289. 27289. 27286. 27286. 27283. 27279. 27275. 27276. 27275. 27274.
 27273. 27272. 27271. 27271. 27270. 27265. 27263. 27263. 27263. 27260.
 27260. 27260. 27259. 27258. 27258. 27258. 27256. 27251. 27250. 27249.
 27243. 27240. 27240. 27236. 27235. 27234. 27234. 27233. 27233. 27232.
 27231. 27227. 27226. 27226. 27226. 27226. 27226. 27226. 27225. 27225.
 27225. 27224. 27224. 27224. 27224. 27224. 27223. 27223. 27221.]",32,
88,88,"[27297. 27297. 27297. 27297. 27297. 27297. 27297. 27297. 27297. 27297.
 27297. 27297. 27297. 27297. 27297. 27297. 27297. 27297. 27297. 27297.
 27297. 27297. 27297. 27297. 27297. 27297. 27297. 27297. 27297. 27297.
 27297. 27297. 27297. 27297. 27297. 27297. 27297. 27297. 27297. 27297.
 27297. 27297. 27297. 27297. 27297. 27297. 27297. 27297. 27297. 27297.
 27297. 27297. 27297. 27297. 27297. 27297. 27297. 27296. 27296. 27295.
 27294. 27294. 27294. 27292. 27292. 27291. 27291. 27290. 27289. 27289.
 27289. 27289. 27286. 27286. 27283. 27279. 27275. 27276. 27275. 27274.
 27273. 27272. 27271. 27271. 27270. 27265. 27263. 27263. 27263. 27260.
 27260. 27260. 27259. 27258. 27258. 27258. 27256. 27251. 27250. 27249.
 27243. 27240. 27240. 27236. 27235. 27234. 27234. 27233. 27233. 27232.
 27231. 27227. 27226. 27226. 27226. 27226. 27226. 27226. 27225. 27225.
 27225. 27224. 27224. 27224. 27224. 27224. 27223. 27223. 27221.]",32,
89,89,"[27297. 27297. 27297. 27297. 27297. 27297. 27297. 27297. 27297. 27297.
 27297. 27297. 27297. 27297. 27297. 27297. 27297. 27297. 27297. 27297.
 27297. 27297. 27297. 27297. 27297. 27297. 27297. 27297. 27297. 27297.
 27297. 27297. 27297. 27297. 27297. 27297. 27297. 27297. 27297. 27297.
 27297. 27297. 27297. 27297. 27297. 27297. 27297. 27297. 27297. 27297.
 27297. 27297. 27297. 27297. 27297. 27297. 27297. 27296. 27296. 27295.
 27294. 27294. 27294. 27292. 27292. 27291. 27291. 27290. 27289. 27289.
 27289. 27289. 27286. 27286. 27283. 27279. 27275. 27276. 27275. 27274.
 27273. 27272. 27271. 27271. 27270. 27265. 27263. 27263. 27263. 27260.
 27260. 27260. 27259. 27258. 27258. 27258. 27256. 27251. 27250. 27249.
 27243. 27240. 27240. 27236. 27235. 27234. 27234. 27233. 27233. 27232.
 27231. 27227. 27226. 27226. 27226. 27226. 27226. 27226. 27225. 27225.
 27225. 27224. 27224. 27224. 27224. 27224. 27223. 27223. 27221.]",35,
90,90,"[27297. 27297. 27297. 27297. 27297. 27297. 27297. 27297. 27297. 27297.
 27297. 27297. 27297. 27297. 27297. 27297. 27297. 27297. 27297. 27297.
 27297. 27297. 27297. 27297. 27297. 27297. 27297. 27297. 27297. 27297.
 27297. 27297. 27297. 27297. 27297. 27297. 27297. 27297. 27297. 27297.
 27297. 27297. 27297. 27297. 27297. 27297. 27297. 27297. 27297. 27297.
 27297. 27297. 27297. 27297. 27297. 27297. 27297. 27296. 27296. 27295.
 27294. 27294. 27294. 27292. 27292. 27291. 27291. 27290. 27289. 27289.
 27289. 27289. 27286. 27286. 27283. 27279. 27275. 27276. 27275. 27274.
 27273. 27272. 27271. 27271. 27270. 27265. 27263. 27263. 27263. 27260.
 27260. 27260. 27259. 27258. 27258. 27258. 27256. 27251. 27250. 27249.
 27243. 27240. 27240. 27236. 27235. 27234. 27234. 27233. 27233. 27232.
 27231. 27227. 27226. 27226. 27226. 27226. 27226. 27226. 27225. 27225.
 27225. 27224. 27224. 27224. 27224. 27224. 27223. 27223. 27221.]",35,
91,91,"[27297. 27297. 27297. 27297. 27297. 27297. 27297. 27297. 27297. 27297.
 27297. 27297. 27297. 27297. 27297. 27297. 27297. 27297. 27297. 27297.
 27297. 27297. 27297. 27297. 27297. 27297. 27297. 27297. 27297. 27297.
 27297. 27297. 27297. 27297. 27297. 27297. 27297. 27297. 27297. 27297.
 27297. 27297. 27297. 27297. 27297. 27297. 27297. 27297. 27297. 27297.
 27297. 27297. 27297. 27297. 27297. 27297. 27297. 27296. 27296. 27295.
 27294. 27294. 27294. 27292. 27292. 27291. 27291. 27290. 27289. 27289.
 27289. 27289. 27286. 27286. 27283. 27279. 27275. 27276. 27275. 27274.
 27273. 27272. 27271. 27271. 27270. 27265. 27263. 27263. 27263. 27260.
 27260. 27260. 27259. 27258. 27258. 27258. 27256. 27251. 27250. 27249.
 27243. 27240. 27240. 27236. 27235. 27234. 27234. 27233. 27233. 27232.
 27231. 27227. 27226. 27226. 27226. 27226. 27226. 27226. 27225. 27225.
 27225. 27224. 27224. 27224. 27224. 27224. 27223. 27223. 27221.]",35,
92,92,"[27297. 27297. 27297. 27297. 27297. 27297. 27297. 27297. 27297. 27297.
 27297. 27297. 27297. 27297. 27297. 27297. 27297. 27297. 27297. 27297.
 27297. 27297. 27297. 27297. 27297. 27297. 27297. 27297. 27297. 27297.
 27297. 27297. 27297. 27297. 27297. 27297. 27297. 27297. 27297. 27297.
 27297. 27297. 27297. 27297. 27297. 27297. 27297. 27297. 27297. 27297.
 27297. 27297. 27297. 27297. 27297. 27297. 27297. 27296. 27296. 27295.
 27294. 27294. 27294. 27292. 27292. 27291. 27291. 27290. 27289. 27289.
 27289. 27289. 27286. 27286. 27283. 27279. 27275. 27276. 27275. 27274.
 27273. 27272. 27271. 27271. 27270. 27265. 27263. 27263. 27263. 27260.
 27260. 27260. 27259. 27258. 27258. 27258. 27256. 27251. 27250. 27249.
 27243. 27240. 27240. 27236. 27235. 27234. 27234. 27233. 27233. 27232.
 27231. 27227. 27226. 27226. 27226. 27226. 27226. 27226. 27225. 27225.
 27225. 27224. 27224. 27224. 27224. 27224. 27223. 27223. 27221.]",36,
93,93,"[27297. 27297. 27297. 27297. 27297. 27297. 27297. 27297. 27297. 27297.
 27297. 27297. 27297. 27297. 27297. 27297. 27297. 27297. 27297. 27297.
 27297. 27297. 27297. 27297. 27297. 27297. 27297. 27297. 27297. 27297.
 27297. 27297. 27297. 27297. 27297. 27297. 27297. 27297. 27297. 27297.
 27297. 27297. 27297. 27297. 27297. 27297. 27297. 27297. 27297. 27297.
 27297. 27297. 27297. 27297. 27297. 27297. 27297. 27296. 27296. 27295.
 27294. 27294. 27294. 27292. 27292. 27291. 27291. 27290. 27289. 27289.
 27289. 27289. 27286. 27286. 27283. 27279. 27275. 27276. 27275. 27274.
 27273. 27272. 27271. 27271. 27270. 27265. 27263. 27263. 27263. 27260.
 27260. 27260. 27259. 27258. 27258. 27258. 27256. 27251. 27250. 27249.
 27243. 27240. 27240. 27236. 27235. 27234. 27234. 27233. 27233. 27232.
 27231. 27227. 27226. 27226. 27226. 27226. 27226. 27226. 27225. 27225.
 27225. 27224. 27224. 27224. 27224. 27224. 27223. 27223. 27221.]",37,
94,94,"[27297. 27297. 27297. 27297. 27297. 27297. 27297. 27297. 27297. 27297.
 27297. 27297. 27297. 27297. 27297. 27297. 27297. 27297. 27297. 27297.
 27297. 27297. 27297. 27297. 27297. 27297. 27297. 27297. 27297. 27297.
 27297. 27297. 27297. 27297. 27297. 27297. 27297. 27297. 27297. 27297.
 27297. 27297. 27297. 27297. 27297. 27297. 27297. 27297. 27297. 27297.
 27297. 27297. 27297. 27297. 27297. 27297. 27297. 27296. 27296. 27295.
 27294. 27294. 27294. 27292. 27292. 27291. 27291. 27290. 27289. 27289.
 27289. 27289. 27286. 27286. 27283. 27279. 27275. 27276. 27275. 27274.
 27273. 27272. 27271. 27271. 27270. 27265. 27263. 27263. 27263. 27260.
 27260. 27260. 27259. 27258. 27258. 27258. 27256. 27251. 27250. 27249.
 27243. 27240. 27240. 27236. 27235. 27234. 27234. 27233. 27233. 27232.
 27231. 27227. 27226. 27226. 27226. 27226. 27226. 27226. 27225. 27225.
 27225. 27224. 27224. 27224. 27224. 27224. 27223. 27223. 27221.]",37,
95,95,"[27297. 27297. 27297. 27297. 27297. 27297. 27297. 27297. 27297. 27297.
 27297. 27297. 27297. 27297. 27297. 27297. 27297. 27297. 27297. 27297.
 27297. 27297. 27297. 27297. 27297. 27297. 27297. 27297. 27297. 27297.
 27297. 27297. 27297. 27297. 27297. 27297. 27297. 27297. 27297. 27297.
 27297. 27297. 27297. 27297. 27297. 27297. 27297. 27297. 27297. 27297.
 27297. 27297. 27297. 27297. 27297. 27297. 27297. 27296. 27296. 27295.
 27294. 27294. 27294. 27292. 27292. 27291. 27291. 27290. 27289. 27289.
 27289. 27289. 27286. 27286. 27283. 27279. 27275. 27276. 27275. 27274.
 27273. 27272. 27271. 27271. 27270. 27265. 27263. 27263. 27263. 27260.
 27260. 27260. 27259. 27258. 27258. 27258. 27256. 27251. 27250. 27249.
 27243. 27240. 27240. 27236. 27235. 27234. 27234. 27233. 27233. 27232.
 27231. 27227. 27226. 27226. 27226. 27226. 27226. 27226. 27225. 27225.
 27225. 27224. 27224. 27224. 27224. 27224. 27223. 27223. 27221.]",37,
96,96,"[27297. 27297. 27297. 27297. 27297. 27297. 27297. 27297. 27297. 27297.
 27297. 27297. 27297. 27297. 27297. 27297. 27297. 27297. 27297. 27297.
 27297. 27297. 27297. 27297. 27297. 27297. 27297. 27297. 27297. 27297.
 27297. 27297. 27297. 27297. 27297. 27297. 27297. 27297. 27297. 27297.
 27297. 27297. 27297. 27297. 27297. 27297. 27297. 27297. 27297. 27297.
 27297. 27297. 27297. 27297. 27297. 27297. 27297. 27296. 27296. 27295.
 27294. 27294. 27294. 27292. 27292. 27291. 27291. 27290. 27289. 27289.
 27289. 27289. 27286. 27286. 27283. 27279. 27275. 27276. 27275. 27274.
 27273. 27272. 27271. 27271. 27270. 27265. 27263. 27263. 27263. 27260.
 27260. 27260. 27259. 27258. 27258. 27258. 27256. 27251. 27250. 27249.
 27243. 27240. 27240. 27236. 27235. 27234. 27234. 27233. 27233. 27232.
 27231. 27227. 27226. 27226. 27226. 27226. 27226. 27226. 27225. 27225.
 27225. 27224. 27224. 27224. 27224. 27224. 27223. 27223. 27221.]",39,
97,97,"[27297. 27297. 27297. 27297. 27297. 27297. 27297. 27297. 27297. 27297.
 27297. 27297. 27297. 27297. 27297. 27297. 27297. 27297. 27297. 27297.
 27297. 27297. 27297. 27297. 27297. 27297. 27297. 27297. 27297. 27297.
 27297. 27297. 27297. 27297. 27297. 27297. 27297. 27297. 27297. 27297.
 27297. 27297. 27297. 27297. 27297. 27297. 27297. 27297. 27297. 27297.
 27297. 27297. 27297. 27297. 27297. 27297. 27297. 27296. 27296. 27295.
 27294. 27294. 27294. 27292. 27292. 27291. 27291. 27290. 27289. 27289.
 27289. 27289. 27286. 27286. 27283. 27279. 27275. 27276. 27275. 27274.
 27273. 27272. 27271. 27271. 27270. 27265. 27263. 27263. 27263. 27260.
 27260. 27260. 27259. 27258. 27258. 27258. 27256. 27251. 27250. 27249.
 27243. 27240. 27240. 27236. 27235. 27234. 27234. 27233. 27233. 27232.
 27231. 27227. 27226. 27226. 27226. 27226. 27226. 27226. 27225. 27225.
 27225. 27224. 27224. 27224. 27224. 27224. 27223. 27223. 27221.]",44,
98,98,"[27297. 27297. 27297. 27297. 27297. 27297. 27297. 27297. 27297. 27297.
 27297. 27297. 27297. 27297. 27297. 27297. 27297. 27297. 27297. 27297.
 27297. 27297. 27297. 27297. 27297. 27297. 27297. 27297. 27297. 27297.
 27297. 27297. 27297. 27297. 27297. 27297. 27297. 27297. 27297. 27297.
 27297. 27297. 27297. 27297. 27297. 27297. 27297. 27297. 27297. 27297.
 27297. 27297. 27297. 27297. 27297. 27297. 27297. 27296. 27296. 27295.
 27294. 27294. 27294. 27292. 27292. 27291. 27291. 27290. 27289. 27289.
 27289. 27289. 27286. 27286. 27283. 27279. 27275. 27276. 27275. 27274.
 27273. 27272. 27271. 27271. 27270. 27265. 27263. 27263. 27263. 27260.
 27260. 27260. 27259. 27258. 27258. 27258. 27256. 27251. 27250. 27249.
 27243. 27240. 27240. 27236. 27235. 27234. 27234. 27233. 27233. 27232.
 27231. 27227. 27226. 27226. 27226. 27226. 27226. 27226. 27225. 27225.
 27225. 27224. 27224. 27224. 27224. 27224. 27223. 27223. 27221.]",45,
99,99,"[27297. 27297. 27297. 27297. 27297. 27297. 27297. 27297. 27297. 27297.
 27297. 27297. 27297. 27297. 27297. 27297. 27297. 27297. 27297. 27297.
 27297. 27297. 27297. 27297. 27297. 27297. 27297. 27297. 27297. 27297.
 27297. 27297. 27297. 27297. 27297. 27297. 27297. 27297. 27297. 27297.
 27297. 27297. 27297. 27297. 27297. 27297. 27297. 27297. 27297. 27297.
 27297. 27297. 27297. 27297. 27297. 27297. 27297. 27296. 27296. 27295.
 27294. 27294. 27294. 27292. 27292. 27291. 27291. 27290. 27289. 27289.
 27289. 27289. 27286. 27286. 27283. 27279. 27275. 27276. 27275. 27274.
 27273. 27272. 27271. 27271. 27270. 27265. 27263. 27263. 27263. 27260.
 27260. 27260. 27259. 27258. 27258. 27258. 27256. 27251. 27250. 27249.
 27243. 27240. 27240. 27236. 27235. 27234. 27234. 27233. 27233. 27232.
 27231. 27227. 27226. 27226. 27226. 27226. 27226. 27226. 27225. 27225.
 27225. 27224. 27224. 27224. 27224. 27224. 27223. 27223. 27221.]",46,
100,100,"[27297. 27297. 27297. 27297. 27297. 27297. 27297. 27297. 27297. 27297.
 27297. 27297. 27297. 27297. 27297. 27297. 27297. 27297. 27297. 27297.
 27297. 27297. 27297. 27297. 27297. 27297. 27297. 27297. 27297. 27297.
 27297. 27297. 27297. 27297. 27297. 27297. 27297. 27297. 27297. 27297.
 27297. 27297. 27297. 27297. 27297. 27297. 27297. 27297. 27297. 27297.
 27297. 27297. 27297. 27297. 27297. 27297. 27297. 27296. 27296. 27295.
 27294. 27294. 27294. 27292. 27292. 27291. 27291. 27290. 27289. 27289.
 27289. 27289. 27286. 27286. 27283. 27279. 27275. 27276. 27275. 27274.
 27273. 27272. 27271. 27271. 27270. 27265. 27263. 27263. 27263. 27260.
 27260. 27260. 27259. 27258. 27258. 27258. 27256. 27251. 27250. 27249.
 27243. 27240. 27240. 27236. 27235. 27234. 27234. 27233. 27233. 27232.
 27231. 27227. 27226. 27226. 27226. 27226. 27226. 27226. 27225. 27225.
 27225. 27224. 27224. 27224. 27224. 27224. 27223. 27223. 27221.]",52,
101,101,"[27297. 27297. 27297. 27297. 27297. 27297. 27297. 27297. 27297. 27297.
 27297. 27297. 27297. 27297. 27297. 27297. 27297. 27297. 27297. 27297.
 27297. 27297. 27297. 27297. 27297. 27297. 27297. 27297. 27297. 27297.
 27297. 27297. 27297. 27297. 27297. 27297. 27297. 27297. 27297. 27297.
 27297. 27297. 27297. 27297. 27297. 27297. 27297. 27297. 27297. 27297.
 27297. 27297. 27297. 27297. 27297. 27297. 27297. 27296. 27296. 27295.
 27294. 27294. 27294. 27292. 27292. 27291. 27291. 27290. 27289. 27289.
 27289. 27289. 27286. 27286. 27283. 27279. 27275. 27276. 27275. 27274.
 27273. 27272. 27271. 27271. 27270. 27265. 27263. 27263. 27263. 27260.
 27260. 27260. 27259. 27258. 27258. 27258. 27256. 27251. 27250. 27249.
 27243. 27240. 27240. 27236. 27235. 27234. 27234. 27233. 27233. 27232.
 27231. 27227. 27226. 27226. 27226. 27226. 27226. 27226. 27225. 27225.
 27225. 27224. 27224. 27224. 27224. 27224. 27223. 27223. 27221.]",55,
102,102,"[27297. 27297. 27297. 27297. 27297. 27297. 27297. 27297. 27297. 27297.
 27297. 27297. 27297. 27297. 27297. 27297. 27297. 27297. 27297. 27297.
 27297. 27297. 27297. 27297. 27297. 27297. 27297. 27297. 27297. 27297.
 27297. 27297. 27297. 27297. 27297. 27297. 27297. 27297. 27297. 27297.
 27297. 27297. 27297. 27297. 27297. 27297. 27297. 27297. 27297. 27297.
 27297. 27297. 27297. 27297. 27297. 27297. 27297. 27296. 27296. 27295.
 27294. 27294. 27294. 27292. 27292. 27291. 27291. 27290. 27289. 27289.
 27289. 27289. 27286. 27286. 27283. 27279. 27275. 27276. 27275. 27274.
 27273. 27272. 27271. 27271. 27270. 27265. 27263. 27263. 27263. 27260.
 27260. 27260. 27259. 27258. 27258. 27258. 27256. 27251. 27250. 27249.
 27243. 27240. 27240. 27236. 27235. 27234. 27234. 27233. 27233. 27232.
 27231. 27227. 27226. 27226. 27226. 27226. 27226. 27226. 27225. 27225.
 27225. 27224. 27224. 27224. 27224. 27224. 27223. 27223. 27221.]",55,
103,103,"[27297. 27297. 27297. 27297. 27297. 27297. 27297. 27297. 27297. 27297.
 27297. 27297. 27297. 27297. 27297. 27297. 27297. 27297. 27297. 27297.
 27297. 27297. 27297. 27297. 27297. 27297. 27297. 27297. 27297. 27297.
 27297. 27297. 27297. 27297. 27297. 27297. 27297. 27297. 27297. 27297.
 27297. 27297. 27297. 27297. 27297. 27297. 27297. 27297. 27297. 27297.
 27297. 27297. 27297. 27297. 27297. 27297. 27297. 27296. 27296. 27295.
 27294. 27294. 27294. 27292. 27292. 27291. 27291. 27290. 27289. 27289.
 27289. 27289. 27286. 27286. 27283. 27279. 27275. 27276. 27275. 27274.
 27273. 27272. 27271. 27271. 27270. 27265. 27263. 27263. 27263. 27260.
 27260. 27260. 27259. 27258. 27258. 27258. 27256. 27251. 27250. 27249.
 27243. 27240. 27240. 27236. 27235. 27234. 27234. 27233. 27233. 27232.
 27231. 27227. 27226. 27226. 27226. 27226. 27226. 27226. 27225. 27225.
 27225. 27224. 27224. 27224. 27224. 27224. 27223. 27223. 27221.]",59,
104,104,"[27297. 27297. 27297. 27297. 27297. 27297. 27297. 27297. 27297. 27297.
 27297. 27297. 27297. 27297. 27297. 27297. 27297. 27297. 27297. 27297.
 27297. 27297. 27297. 27297. 27297. 27297. 27297. 27297. 27297. 27297.
 27297. 27297. 27297. 27297. 27297. 27297. 27297. 27297. 27297. 27297.
 27297. 27297. 27297. 27297. 27297. 27297. 27297. 27297. 27297. 27297.
 27297. 27297. 27297. 27297. 27297. 27297. 27297. 27296. 27296. 27295.
 27294. 27294. 27294. 27292. 27292. 27291. 27291. 27290. 27289. 27289.
 27289. 27289. 27286. 27286. 27283. 27279. 27275. 27276. 27275. 27274.
 27273. 27272. 27271. 27271. 27270. 27265. 27263. 27263. 27263. 27260.
 27260. 27260. 27259. 27258. 27258. 27258. 27256. 27251. 27250. 27249.
 27243. 27240. 27240. 27236. 27235. 27234. 27234. 27233. 27233. 27232.
 27231. 27227. 27226. 27226. 27226. 27226. 27226. 27226. 27225. 27225.
 27225. 27224. 27224. 27224. 27224. 27224. 27223. 27223. 27221.]",60,
105,105,"[27297. 27297. 27297. 27297. 27297. 27297. 27297. 27297. 27297. 27297.
 27297. 27297. 27297. 27297. 27297. 27297. 27297. 27297. 27297. 27297.
 27297. 27297. 27297. 27297. 27297. 27297. 27297. 27297. 27297. 27297.
 27297. 27297. 27297. 27297. 27297. 27297. 27297. 27297. 27297. 27297.
 27297. 27297. 27297. 27297. 27297. 27297. 27297. 27297. 27297. 27297.
 27297. 27297. 27297. 27297. 27297. 27297. 27297. 27296. 27296. 27295.
 27294. 27294. 27294. 27292. 27292. 27291. 27291. 27290. 27289. 27289.
 27289. 27289. 27286. 27286. 27283. 27279. 27275. 27276. 27275. 27274.
 27273. 27272. 27271. 27271. 27270. 27265. 27263. 27263. 27263. 27260.
 27260. 27260. 27259. 27258. 27258. 27258. 27256. 27251. 27250. 27249.
 27243. 27240. 27240. 27236. 27235. 27234. 27234. 27233. 27233. 27232.
 27231. 27227. 27226. 27226. 27226. 27226. 27226. 27226. 27225. 27225.
 27225. 27224. 27224. 27224. 27224. 27224. 27223. 27223. 27221.]",61,
106,106,"[27297. 27297. 27297. 27297. 27297. 27297. 27297. 27297. 27297. 27297.
 27297. 27297. 27297. 27297. 27297. 27297. 27297. 27297. 27297. 27297.
 27297. 27297. 27297. 27297. 27297. 27297. 27297. 27297. 27297. 27297.
 27297. 27297. 27297. 27297. 27297. 27297. 27297. 27297. 27297. 27297.
 27297. 27297. 27297. 27297. 27297. 27297. 27297. 27297. 27297. 27297.
 27297. 27297. 27297. 27297. 27297. 27297. 27297. 27296. 27296. 27295.
 27294. 27294. 27294. 27292. 27292. 27291. 27291. 27290. 27289. 27289.
 27289. 27289. 27286. 27286. 27283. 27279. 27275. 27276. 27275. 27274.
 27273. 27272. 27271. 27271. 27270. 27265. 27263. 27263. 27263. 27260.
 27260. 27260. 27259. 27258. 27258. 27258. 27256. 27251. 27250. 27249.
 27243. 27240. 27240. 27236. 27235. 27234. 27234. 27233. 27233. 27232.
 27231. 27227. 27226. 27226. 27226. 27226. 27226. 27226. 27225. 27225.
 27225. 27224. 27224. 27224. 27224. 27224. 27223. 27223. 27221.]",61,
107,107,"[27297. 27297. 27297. 27297. 27297. 27297. 27297. 27297. 27297. 27297.
 27297. 27297. 27297. 27297. 27297. 27297. 27297. 27297. 27297. 27297.
 27297. 27297. 27297. 27297. 27297. 27297. 27297. 27297. 27297. 27297.
 27297. 27297. 27297. 27297. 27297. 27297. 27297. 27297. 27297. 27297.
 27297. 27297. 27297. 27297. 27297. 27297. 27297. 27297. 27297. 27297.
 27297. 27297. 27297. 27297. 27297. 27297. 27297. 27296. 27296. 27295.
 27294. 27294. 27294. 27292. 27292. 27291. 27291. 27290. 27289. 27289.
 27289. 27289. 27286. 27286. 27283. 27279. 27275. 27276. 27275. 27274.
 27273. 27272. 27271. 27271. 27270. 27265. 27263. 27263. 27263. 27260.
 27260. 27260. 27259. 27258. 27258. 27258. 27256. 27251. 27250. 27249.
 27243. 27240. 27240. 27236. 27235. 27234. 27234. 27233. 27233. 27232.
 27231. 27227. 27226. 27226. 27226. 27226. 27226. 27226. 27225. 27225.
 27225. 27224. 27224. 27224. 27224. 27224. 27223. 27223. 27221.]",62,
108,108,"[27297. 27297. 27297. 27297. 27297. 27297. 27297. 27297. 27297. 27297.
 27297. 27297. 27297. 27297. 27297. 27297. 27297. 27297. 27297. 27297.
 27297. 27297. 27297. 27297. 27297. 27297. 27297. 27297. 27297. 27297.
 27297. 27297. 27297. 27297. 27297. 27297. 27297. 27297. 27297. 27297.
 27297. 27297. 27297. 27297. 27297. 27297. 27297. 27297. 27297. 27297.
 27297. 27297. 27297. 27297. 27297. 27297. 27297. 27296. 27296. 27295.
 27294. 27294. 27294. 27292. 27292. 27291. 27291. 27290. 27289. 27289.
 27289. 27289. 27286. 27286. 27283. 27279. 27275. 27276. 27275. 27274.
 27273. 27272. 27271. 27271. 27270. 27265. 27263. 27263. 27263. 27260.
 27260. 27260. 27259. 27258. 27258. 27258. 27256. 27251. 27250. 27249.
 27243. 27240. 27240. 27236. 27235. 27234. 27234. 27233. 27233. 27232.
 27231. 27227. 27226. 27226. 27226. 27226. 27226. 27226. 27225. 27225.
 27225. 27224. 27224. 27224. 27224. 27224. 27223. 27223. 27221.]",62,
109,109,"[27297. 27297. 27297. 27297. 27297. 27297. 27297. 27297. 27297. 27297.
 27297. 27297. 27297. 27297. 27297. 27297. 27297. 27297. 27297. 27297.
 27297. 27297. 27297. 27297. 27297. 27297. 27297. 27297. 27297. 27297.
 27297. 27297. 27297. 27297. 27297. 27297. 27297. 27297. 27297. 27297.
 27297. 27297. 27297. 27297. 27297. 27297. 27297. 27297. 27297. 27297.
 27297. 27297. 27297. 27297. 27297. 27297. 27297. 27296. 27296. 27295.
 27294. 27294. 27294. 27292. 27292. 27291. 27291. 27290. 27289. 27289.
 27289. 27289. 27286. 27286. 27283. 27279. 27275. 27276. 27275. 27274.
 27273. 27272. 27271. 27271. 27270. 27265. 27263. 27263. 27263. 27260.
 27260. 27260. 27259. 27258. 27258. 27258. 27256. 27251. 27250. 27249.
 27243. 27240. 27240. 27236. 27235. 27234. 27234. 27233. 27233. 27232.
 27231. 27227. 27226. 27226. 27226. 27226. 27226. 27226. 27225. 27225.
 27225. 27224. 27224. 27224. 27224. 27224. 27223. 27223. 27221.]",63,
110,110,"[27297. 27297. 27297. 27297. 27297. 27297. 27297. 27297. 27297. 27297.
 27297. 27297. 27297. 27297. 27297. 27297. 27297. 27297. 27297. 27297.
 27297. 27297. 27297. 27297. 27297. 27297. 27297. 27297. 27297. 27297.
 27297. 27297. 27297. 27297. 27297. 27297. 27297. 27297. 27297. 27297.
 27297. 27297. 27297. 27297. 27297. 27297. 27297. 27297. 27297. 27297.
 27297. 27297. 27297. 27297. 27297. 27297. 27297. 27296. 27296. 27295.
 27294. 27294. 27294. 27292. 27292. 27291. 27291. 27290. 27289. 27289.
 27289. 27289. 27286. 27286. 27283. 27279. 27275. 27276. 27275. 27274.
 27273. 27272. 27271. 27271. 27270. 27265. 27263. 27263. 27263. 27260.
 27260. 27260. 27259. 27258. 27258. 27258. 27256. 27251. 27250. 27249.
 27243. 27240. 27240. 27236. 27235. 27234. 27234. 27233. 27233. 27232.
 27231. 27227. 27226. 27226. 27226. 27226. 27226. 27226. 27225. 27225.
 27225. 27224. 27224. 27224. 27224. 27224. 27223. 27223. 27221.]",64,
111,111,"[27297. 27297. 27297. 27297. 27297. 27297. 27297. 27297. 27297. 27297.
 27297. 27297. 27297. 27297. 27297. 27297. 27297. 27297. 27297. 27297.
 27297. 27297. 27297. 27297. 27297. 27297. 27297. 27297. 27297. 27297.
 27297. 27297. 27297. 27297. 27297. 27297. 27297. 27297. 27297. 27297.
 27297. 27297. 27297. 27297. 27297. 27297. 27297. 27297. 27297. 27297.
 27297. 27297. 27297. 27297. 27297. 27297. 27297. 27296. 27296. 27295.
 27294. 27294. 27294. 27292. 27292. 27291. 27291. 27290. 27289. 27289.
 27289. 27289. 27286. 27286. 27283. 27279. 27275. 27276. 27275. 27274.
 27273. 27272. 27271. 27271. 27270. 27265. 27263. 27263. 27263. 27260.
 27260. 27260. 27259. 27258. 27258. 27258. 27256. 27251. 27250. 27249.
 27243. 27240. 27240. 27236. 27235. 27234. 27234. 27233. 27233. 27232.
 27231. 27227. 27226. 27226. 27226. 27226. 27226. 27226. 27225. 27225.
 27225. 27224. 27224. 27224. 27224. 27224. 27223. 27223. 27221.]",68,
112,112,"[27297. 27297. 27297. 27297. 27297. 27297. 27297. 27297. 27297. 27297.
 27297. 27297. 27297. 27297. 27297. 27297. 27297. 27297. 27297. 27297.
 27297. 27297. 27297. 27297. 27297. 27297. 27297. 27297. 27297. 27297.
 27297. 27297. 27297. 27297. 27297. 27297. 27297. 27297. 27297. 27297.
 27297. 27297. 27297. 27297. 27297. 27297. 27297. 27297. 27297. 27297.
 27297. 27297. 27297. 27297. 27297. 27297. 27297. 27296. 27296. 27295.
 27294. 27294. 27294. 27292. 27292. 27291. 27291. 27290. 27289. 27289.
 27289. 27289. 27286. 27286. 27283. 27279. 27275. 27276. 27275. 27274.
 27273. 27272. 27271. 27271. 27270. 27265. 27263. 27263. 27263. 27260.
 27260. 27260. 27259. 27258. 27258. 27258. 27256. 27251. 27250. 27249.
 27243. 27240. 27240. 27236. 27235. 27234. 27234. 27233. 27233. 27232.
 27231. 27227. 27226. 27226. 27226. 27226. 27226. 27226. 27225. 27225.
 27225. 27224. 27224. 27224. 27224. 27224. 27223. 27223. 27221.]",69,
113,113,"[27297. 27297. 27297. 27297. 27297. 27297. 27297. 27297. 27297. 27297.
 27297. 27297. 27297. 27297. 27297. 27297. 27297. 27297. 27297. 27297.
 27297. 27297. 27297. 27297. 27297. 27297. 27297. 27297. 27297. 27297.
 27297. 27297. 27297. 27297. 27297. 27297. 27297. 27297. 27297. 27297.
 27297. 27297. 27297. 27297. 27297. 27297. 27297. 27297. 27297. 27297.
 27297. 27297. 27297. 27297. 27297. 27297. 27297. 27296. 27296. 27295.
 27294. 27294. 27294. 27292. 27292. 27291. 27291. 27290. 27289. 27289.
 27289. 27289. 27286. 27286. 27283. 27279. 27275. 27276. 27275. 27274.
 27273. 27272. 27271. 27271. 27270. 27265. 27263. 27263. 27263. 27260.
 27260. 27260. 27259. 27258. 27258. 27258. 27256. 27251. 27250. 27249.
 27243. 27240. 27240. 27236. 27235. 27234. 27234. 27233. 27233. 27232.
 27231. 27227. 27226. 27226. 27226. 27226. 27226. 27226. 27225. 27225.
 27225. 27224. 27224. 27224. 27224. 27224. 27223. 27223. 27221.]",69,
114,114,"[27297. 27297. 27297. 27297. 27297. 27297. 27297. 27297. 27297. 27297.
 27297. 27297. 27297. 27297. 27297. 27297. 27297. 27297. 27297. 27297.
 27297. 27297. 27297. 27297. 27297. 27297. 27297. 27297. 27297. 27297.
 27297. 27297. 27297. 27297. 27297. 27297. 27297. 27297. 27297. 27297.
 27297. 27297. 27297. 27297. 27297. 27297. 27297. 27297. 27297. 27297.
 27297. 27297. 27297. 27297. 27297. 27297. 27297. 27296. 27296. 27295.
 27294. 27294. 27294. 27292. 27292. 27291. 27291. 27290. 27289. 27289.
 27289. 27289. 27286. 27286. 27283. 27279. 27275. 27276. 27275. 27274.
 27273. 27272. 27271. 27271. 27270. 27265. 27263. 27263. 27263. 27260.
 27260. 27260. 27259. 27258. 27258. 27258. 27256. 27251. 27250. 27249.
 27243. 27240. 27240. 27236. 27235. 27234. 27234. 27233. 27233. 27232.
 27231. 27227. 27226. 27226. 27226. 27226. 27226. 27226. 27225. 27225.
 27225. 27224. 27224. 27224. 27224. 27224. 27223. 27223. 27221.]",69,
115,115,"[27297. 27297. 27297. 27297. 27297. 27297. 27297. 27297. 27297. 27297.
 27297. 27297. 27297. 27297. 27297. 27297. 27297. 27297. 27297. 27297.
 27297. 27297. 27297. 27297. 27297. 27297. 27297. 27297. 27297. 27297.
 27297. 27297. 27297. 27297. 27297. 27297. 27297. 27297. 27297. 27297.
 27297. 27297. 27297. 27297. 27297. 27297. 27297. 27297. 27297. 27297.
 27297. 27297. 27297. 27297. 27297. 27297. 27297. 27296. 27296. 27295.
 27294. 27294. 27294. 27292. 27292. 27291. 27291. 27290. 27289. 27289.
 27289. 27289. 27286. 27286. 27283. 27279. 27275. 27276. 27275. 27274.
 27273. 27272. 27271. 27271. 27270. 27265. 27263. 27263. 27263. 27260.
 27260. 27260. 27259. 27258. 27258. 27258. 27256. 27251. 27250. 27249.
 27243. 27240. 27240. 27236. 27235. 27234. 27234. 27233. 27233. 27232.
 27231. 27227. 27226. 27226. 27226. 27226. 27226. 27226. 27225. 27225.
 27225. 27224. 27224. 27224. 27224. 27224. 27223. 27223. 27221.]",69,
116,116,"[27297. 27297. 27297. 27297. 27297. 27297. 27297. 27297. 27297. 27297.
 27297. 27297. 27297. 27297. 27297. 27297. 27297. 27297. 27297. 27297.
 27297. 27297. 27297. 27297. 27297. 27297. 27297. 27297. 27297. 27297.
 27297. 27297. 27297. 27297. 27297. 27297. 27297. 27297. 27297. 27297.
 27297. 27297. 27297. 27297. 27297. 27297. 27297. 27297. 27297. 27297.
 27297. 27297. 27297. 27297. 27297. 27297. 27297. 27296. 27296. 27295.
 27294. 27294. 27294. 27292. 27292. 27291. 27291. 27290. 27289. 27289.
 27289. 27289. 27286. 27286. 27283. 27279. 27275. 27276. 27275. 27274.
 27273. 27272. 27271. 27271. 27270. 27265. 27263. 27263. 27263. 27260.
 27260. 27260. 27259. 27258. 27258. 27258. 27256. 27251. 27250. 27249.
 27243. 27240. 27240. 27236. 27235. 27234. 27234. 27233. 27233. 27232.
 27231. 27227. 27226. 27226. 27226. 27226. 27226. 27226. 27225. 27225.
 27225. 27224. 27224. 27224. 27224. 27224. 27223. 27223. 27221.]",69,
117,117,"[27297. 27297. 27297. 27297. 27297. 27297. 27297. 27297. 27297. 27297.
 27297. 27297. 27297. 27297. 27297. 27297. 27297. 27297. 27297. 27297.
 27297. 27297. 27297. 27297. 27297. 27297. 27297. 27297. 27297. 27297.
 27297. 27297. 27297. 27297. 27297. 27297. 27297. 27297. 27297. 27297.
 27297. 27297. 27297. 27297. 27297. 27297. 27297. 27297. 27297. 27297.
 27297. 27297. 27297. 27297. 27297. 27297. 27297. 27296. 27296. 27295.
 27294. 27294. 27294. 27292. 27292. 27291. 27291. 27290. 27289. 27289.
 27289. 27289. 27286. 27286. 27283. 27279. 27275. 27276. 27275. 27274.
 27273. 27272. 27271. 27271. 27270. 27265. 27263. 27263. 27263. 27260.
 27260. 27260. 27259. 27258. 27258. 27258. 27256. 27251. 27250. 27249.
 27243. 27240. 27240. 27236. 27235. 27234. 27234. 27233. 27233. 27232.
 27231. 27227. 27226. 27226. 27226. 27226. 27226. 27226. 27225. 27225.
 27225. 27224. 27224. 27224. 27224. 27224. 27223. 27223. 27221.]",69,
118,118,"[27297. 27297. 27297. 27297. 27297. 27297. 27297. 27297. 27297. 27297.
 27297. 27297. 27297. 27297. 27297. 27297. 27297. 27297. 27297. 27297.
 27297. 27297. 27297. 27297. 27297. 27297. 27297. 27297. 27297. 27297.
 27297. 27297. 27297. 27297. 27297. 27297. 27297. 27297. 27297. 27297.
 27297. 27297. 27297. 27297. 27297. 27297. 27297. 27297. 27297. 27297.
 27297. 27297. 27297. 27297. 27297. 27297. 27297. 27296. 27296. 27295.
 27294. 27294. 27294. 27292. 27292. 27291. 27291. 27290. 27289. 27289.
 27289. 27289. 27286. 27286. 27283. 27279. 27275. 27276. 27275. 27274.
 27273. 27272. 27271. 27271. 27270. 27265. 27263. 27263. 27263. 27260.
 27260. 27260. 27259. 27258. 27258. 27258. 27256. 27251. 27250. 27249.
 27243. 27240. 27240. 27236. 27235. 27234. 27234. 27233. 27233. 27232.
 27231. 27227. 27226. 27226. 27226. 27226. 27226. 27226. 27225. 27225.
 27225. 27224. 27224. 27224. 27224. 27224. 27223. 27223. 27221.]",69,
119,119,"[27297. 27297. 27297. 27297. 27297. 27297. 27297. 27297. 27297. 27297.
 27297. 27297. 27297. 27297. 27297. 27297. 27297. 27297. 27297. 27297.
 27297. 27297. 27297. 27297. 27297. 27297. 27297. 27297. 27297. 27297.
 27297. 27297. 27297. 27297. 27297. 27297. 27297. 27297. 27297. 27297.
 27297. 27297. 27297. 27297. 27297. 27297. 27297. 27297. 27297. 27297.
 27297. 27297. 27297. 27297. 27297. 27297. 27297. 27296. 27296. 27295.
 27294. 27294. 27294. 27292. 27292. 27291. 27291. 27290. 27289. 27289.
 27289. 27289. 27286. 27286. 27283. 27279. 27275. 27276. 27275. 27274.
 27273. 27272. 27271. 27271. 27270. 27265. 27263. 27263. 27263. 27260.
 27260. 27260. 27259. 27258. 27258. 27258. 27256. 27251. 27250. 27249.
 27243. 27240. 27240. 27236. 27235. 27234. 27234. 27233. 27233. 27232.
 27231. 27227. 27226. 27226. 27226. 27226. 27226. 27226. 27225. 27225.
 27225. 27224. 27224. 27224. 27224. 27224. 27223. 27223. 27221.]",69,
120,120,"[27297. 27297. 27297. 27297. 27297. 27297. 27297. 27297. 27297. 27297.
 27297. 27297. 27297. 27297. 27297. 27297. 27297. 27297. 27297. 27297.
 27297. 27297. 27297. 27297. 27297. 27297. 27297. 27297. 27297. 27297.
 27297. 27297. 27297. 27297. 27297. 27297. 27297. 27297. 27297. 27297.
 27297. 27297. 27297. 27297. 27297. 27297. 27297. 27297. 27297. 27297.
 27297. 27297. 27297. 27297. 27297. 27297. 27297. 27296. 27296. 27295.
 27294. 27294. 27294. 27292. 27292. 27291. 27291. 27290. 27289. 27289.
 27289. 27289. 27286. 27286. 27283. 27279. 27275. 27276. 27275. 27274.
 27273. 27272. 27271. 27271. 27270. 27265. 27263. 27263. 27263. 27260.
 27260. 27260. 27259. 27258. 27258. 27258. 27256. 27251. 27250. 27249.
 27243. 27240. 27240. 27236. 27235. 27234. 27234. 27233. 27233. 27232.
 27231. 27227. 27226. 27226. 27226. 27226. 27226. 27226. 27225. 27225.
 27225. 27224. 27224. 27224. 27224. 27224. 27223. 27223. 27221.]",69,
121,121,"[27297. 27297. 27297. 27297. 27297. 27297. 27297. 27297. 27297. 27297.
 27297. 27297. 27297. 27297. 27297. 27297. 27297. 27297. 27297. 27297.
 27297. 27297. 27297. 27297. 27297. 27297. 27297. 27297. 27297. 27297.
 27297. 27297. 27297. 27297. 27297. 27297. 27297. 27297. 27297. 27297.
 27297. 27297. 27297. 27297. 27297. 27297. 27297. 27297. 27297. 27297.
 27297. 27297. 27297. 27297. 27297. 27297. 27297. 27296. 27296. 27295.
 27294. 27294. 27294. 27292. 27292. 27291. 27291. 27290. 27289. 27289.
 27289. 27289. 27286. 27286. 27283. 27279. 27275. 27276. 27275. 27274.
 27273. 27272. 27271. 27271. 27270. 27265. 27263. 27263. 27263. 27260.
 27260. 27260. 27259. 27258. 27258. 27258. 27256. 27251. 27250. 27249.
 27243. 27240. 27240. 27236. 27235. 27234. 27234. 27233. 27233. 27232.
 27231. 27227. 27226. 27226. 27226. 27226. 27226. 27226. 27225. 27225.
 27225. 27224. 27224. 27224. 27224. 27224. 27223. 27223. 27221.]",70,
122,122,"[27297. 27297. 27297. 27297. 27297. 27297. 27297. 27297. 27297. 27297.
 27297. 27297. 27297. 27297. 27297. 27297. 27297. 27297. 27297. 27297.
 27297. 27297. 27297. 27297. 27297. 27297. 27297. 27297. 27297. 27297.
 27297. 27297. 27297. 27297. 27297. 27297. 27297. 27297. 27297. 27297.
 27297. 27297. 27297. 27297. 27297. 27297. 27297. 27297. 27297. 27297.
 27297. 27297. 27297. 27297. 27297. 27297. 27297. 27296. 27296. 27295.
 27294. 27294. 27294. 27292. 27292. 27291. 27291. 27290. 27289. 27289.
 27289. 27289. 27286. 27286. 27283. 27279. 27275. 27276. 27275. 27274.
 27273. 27272. 27271. 27271. 27270. 27265. 27263. 27263. 27263. 27260.
 27260. 27260. 27259. 27258. 27258. 27258. 27256. 27251. 27250. 27249.
 27243. 27240. 27240. 27236. 27235. 27234. 27234. 27233. 27233. 27232.
 27231. 27227. 27226. 27226. 27226. 27226. 27226. 27226. 27225. 27225.
 27225. 27224. 27224. 27224. 27224. 27224. 27223. 27223. 27221.]",70,
123,123,"[27297. 27297. 27297. 27297. 27297. 27297. 27297. 27297. 27297. 27297.
 27297. 27297. 27297. 27297. 27297. 27297. 27297. 27297. 27297. 27297.
 27297. 27297. 27297. 27297. 27297. 27297. 27297. 27297. 27297. 27297.
 27297. 27297. 27297. 27297. 27297. 27297. 27297. 27297. 27297. 27297.
 27297. 27297. 27297. 27297. 27297. 27297. 27297. 27297. 27297. 27297.
 27297. 27297. 27297. 27297. 27297. 27297. 27297. 27296. 27296. 27295.
 27294. 27294. 27294. 27292. 27292. 27291. 27291. 27290. 27289. 27289.
 27289. 27289. 27286. 27286. 27283. 27279. 27275. 27276. 27275. 27274.
 27273. 27272. 27271. 27271. 27270. 27265. 27263. 27263. 27263. 27260.
 27260. 27260. 27259. 27258. 27258. 27258. 27256. 27251. 27250. 27249.
 27243. 27240. 27240. 27236. 27235. 27234. 27234. 27233. 27233. 27232.
 27231. 27227. 27226. 27226. 27226. 27226. 27226. 27226. 27225. 27225.
 27225. 27224. 27224. 27224. 27224. 27224. 27223. 27223. 27221.]",70,
124,124,"[27297. 27297. 27297. 27297. 27297. 27297. 27297. 27297. 27297. 27297.
 27297. 27297. 27297. 27297. 27297. 27297. 27297. 27297. 27297. 27297.
 27297. 27297. 27297. 27297. 27297. 27297. 27297. 27297. 27297. 27297.
 27297. 27297. 27297. 27297. 27297. 27297. 27297. 27297. 27297. 27297.
 27297. 27297. 27297. 27297. 27297. 27297. 27297. 27297. 27297. 27297.
 27297. 27297. 27297. 27297. 27297. 27297. 27297. 27296. 27296. 27295.
 27294. 27294. 27294. 27292. 27292. 27291. 27291. 27290. 27289. 27289.
 27289. 27289. 27286. 27286. 27283. 27279. 27275. 27276. 27275. 27274.
 27273. 27272. 27271. 27271. 27270. 27265. 27263. 27263. 27263. 27260.
 27260. 27260. 27259. 27258. 27258. 27258. 27256. 27251. 27250. 27249.
 27243. 27240. 27240. 27236. 27235. 27234. 27234. 27233. 27233. 27232.
 27231. 27227. 27226. 27226. 27226. 27226. 27226. 27226. 27225. 27225.
 27225. 27224. 27224. 27224. 27224. 27224. 27223. 27223. 27221.]",70,
125,125,"[27297. 27297. 27297. 27297. 27297. 27297. 27297. 27297. 27297. 27297.
 27297. 27297. 27297. 27297. 27297. 27297. 27297. 27297. 27297. 27297.
 27297. 27297. 27297. 27297. 27297. 27297. 27297. 27297. 27297. 27297.
 27297. 27297. 27297. 27297. 27297. 27297. 27297. 27297. 27297. 27297.
 27297. 27297. 27297. 27297. 27297. 27297. 27297. 27297. 27297. 27297.
 27297. 27297. 27297. 27297. 27297. 27297. 27297. 27296. 27296. 27295.
 27294. 27294. 27294. 27292. 27292. 27291. 27291. 27290. 27289. 27289.
 27289. 27289. 27286. 27286. 27283. 27279. 27275. 27276. 27275. 27274.
 27273. 27272. 27271. 27271. 27270. 27265. 27263. 27263. 27263. 27260.
 27260. 27260. 27259. 27258. 27258. 27258. 27256. 27251. 27250. 27249.
 27243. 27240. 27240. 27236. 27235. 27234. 27234. 27233. 27233. 27232.
 27231. 27227. 27226. 27226. 27226. 27226. 27226. 27226. 27225. 27225.
 27225. 27224. 27224. 27224. 27224. 27224. 27223. 27223. 27221.]",70,
126,126,"[27297. 27297. 27297. 27297. 27297. 27297. 27297. 27297. 27297. 27297.
 27297. 27297. 27297. 27297. 27297. 27297. 27297. 27297. 27297. 27297.
 27297. 27297. 27297. 27297. 27297. 27297. 27297. 27297. 27297. 27297.
 27297. 27297. 27297. 27297. 27297. 27297. 27297. 27297. 27297. 27297.
 27297. 27297. 27297. 27297. 27297. 27297. 27297. 27297. 27297. 27297.
 27297. 27297. 27297. 27297. 27297. 27297. 27297. 27296. 27296. 27295.
 27294. 27294. 27294. 27292. 27292. 27291. 27291. 27290. 27289. 27289.
 27289. 27289. 27286. 27286. 27283. 27279. 27275. 27276. 27275. 27274.
 27273. 27272. 27271. 27271. 27270. 27265. 27263. 27263. 27263. 27260.
 27260. 27260. 27259. 27258. 27258. 27258. 27256. 27251. 27250. 27249.
 27243. 27240. 27240. 27236. 27235. 27234. 27234. 27233. 27233. 27232.
 27231. 27227. 27226. 27226. 27226. 27226. 27226. 27226. 27225. 27225.
 27225. 27224. 27224. 27224. 27224. 27224. 27223. 27223. 27221.]",70,
127,127,"[27297. 27297. 27297. 27297. 27297. 27297. 27297. 27297. 27297. 27297.
 27297. 27297. 27297. 27297. 27297. 27297. 27297. 27297. 27297. 27297.
 27297. 27297. 27297. 27297. 27297. 27297. 27297. 27297. 27297. 27297.
 27297. 27297. 27297. 27297. 27297. 27297. 27297. 27297. 27297. 27297.
 27297. 27297. 27297. 27297. 27297. 27297. 27297. 27297. 27297. 27297.
 27297. 27297. 27297. 27297. 27297. 27297. 27297. 27296. 27296. 27295.
 27294. 27294. 27294. 27292. 27292. 27291. 27291. 27290. 27289. 27289.
 27289. 27289. 27286. 27286. 27283. 27279. 27275. 27276. 27275. 27274.
 27273. 27272. 27271. 27271. 27270. 27265. 27263. 27263. 27263. 27260.
 27260. 27260. 27259. 27258. 27258. 27258. 27256. 27251. 27250. 27249.
 27243. 27240. 27240. 27236. 27235. 27234. 27234. 27233. 27233. 27232.
 27231. 27227. 27226. 27226. 27226. 27226. 27226. 27226. 27225. 27225.
 27225. 27224. 27224. 27224. 27224. 27224. 27223. 27223. 27221.]",70,
128,128,"[27297. 27297. 27297. 27297. 27297. 27297. 27297. 27297. 27297. 27297.
 27297. 27297. 27297. 27297. 27297. 27297. 27297. 27297. 27297. 27297.
 27297. 27297. 27297. 27297. 27297. 27297. 27297. 27297. 27297. 27297.
 27297. 27297. 27297. 27297. 27297. 27297. 27297. 27297. 27297. 27297.
 27297. 27297. 27297. 27297. 27297. 27297. 27297. 27297. 27297. 27297.
 27297. 27297. 27297. 27297. 27297. 27297. 27297. 27296. 27296. 27295.
 27294. 27294. 27294. 27292. 27292. 27291. 27291. 27290. 27289. 27289.
 27289. 27289. 27286. 27286. 27283. 27279. 27275. 27276. 27275. 27274.
 27273. 27272. 27271. 27271. 27270. 27265. 27263. 27263. 27263. 27260.
 27260. 27260. 27259. 27258. 27258. 27258. 27256. 27251. 27250. 27249.
 27243. 27240. 27240. 27236. 27235. 27234. 27234. 27233. 27233. 27232.
 27231. 27227. 27226. 27226. 27226. 27226. 27226. 27226. 27225. 27225.
 27225. 27224. 27224. 27224. 27224. 27224. 27223. 27223. 27221.]",72,
